TIME2,ZFuel(JCLN|Peak),ZClad(JNEN|Peak),ZCoolAVG(JNCN|Peak),ZStructure(JNSN),ZRadProf,TCoolAvg(JNCN|Peak),TClad(JNEN|Peak),TFuel(JCLN|Peak),TSat @ TCool,TFRAC,TCladMid(JNEN on MZC),Clad Melt?,TCoolMZC(JNCN),TStrInnr(JNSN),Outlet Flow,Inlet Flow,Outlet Temp,Inlet Temp,
 0.50000000E+000, 0.29375000E+001, 0.29375000E+001, 0.31100000E+001, 0.00000000E+000, 0.00000000E+000, 0.80568416E+003, 0.79510323E+003, 0.79619451E+003, 0.12051688E+004, 0.00000000E+000, 0.79498370E+003, 0.00000000E+000, 0.80568422E+003, 0.79453559E+003, 0.15816688E-002, 0.15816688E-002, 0.80568414E+003, 0.62815000E+003,
 0.10000000E+001, 0.29375000E+001, 0.29375000E+001, 0.31100000E+001, 0.00000000E+000, 0.00000000E+000, 0.80568418E+003, 0.79510324E+003, 0.79619451E+003, 0.12051731E+004, 0.00000000E+000, 0.79498371E+003, 0.00000000E+000, 0.80568437E+003, 0.79453561E+003, 0.15814994E-002, 0.15814994E-002, 0.80568412E+003, 0.62815000E+003,
 0.15000000E+001, 0.29375000E+001, 0.29375000E+001, 0.31100000E+001, 0.00000000E+000, 0.00000000E+000, 0.80568422E+003, 0.79510326E+003, 0.79619452E+003, 0.12051763E+004, 0.00000000E+000, 0.79498373E+003, 0.00000000E+000, 0.80568457E+003, 0.79453564E+003, 0.15813174E-002, 0.15813174E-002, 0.80568415E+003, 0.62815000E+003,
 0.20000000E+001, 0.29375000E+001, 0.29375000E+001, 0.31100000E+001, 0.00000000E+000, 0.00000000E+000, 0.80568427E+003, 0.79510329E+003, 0.79619453E+003, 0.12051782E+004, 0.00000000E+000, 0.79498377E+003, 0.00000000E+000, 0.80568481E+003, 0.79453567E+003, 0.15811430E-002, 0.15811430E-002, 0.80568419E+003, 0.62815000E+003,
 0.25000000E+001, 0.29375000E+001, 0.29375000E+001, 0.31100000E+001, 0.00000000E+000, 0.00000000E+000, 0.80568433E+003, 0.79510333E+003, 0.79619454E+003, 0.12051792E+004, 0.00000000E+000, 0.79498381E+003, 0.00000000E+000, 0.80568508E+003, 0.79453572E+003, 0.15810022E-002, 0.15810022E-002, 0.80568421E+003, 0.62814998E+003,
 0.30000000E+001, 0.29375000E+001, 0.29375000E+001, 0.31100000E+001, 0.00000000E+000, 0.00000000E+000, 0.80568440E+003, 0.79510337E+003, 0.79619456E+003, 0.12051794E+004, 0.00000000E+000, 0.79498386E+003, 0.00000000E+000, 0.80568537E+003, 0.79453576E+003, 0.15808888E-002, 0.15808888E-002, 0.80568422E+003, 0.62814970E+003,
 0.35000000E+001, 0.29375000E+001, 0.29375000E+001, 0.31100000E+001, 0.00000000E+000, 0.00000000E+000, 0.80568446E+003, 0.79510342E+003, 0.79619458E+003, 0.12051791E+004, 0.00000000E+000, 0.79498391E+003, 0.00000000E+000, 0.80568563E+003, 0.79453582E+003, 0.15807997E-002, 0.15807997E-002, 0.80568423E+003, 0.62814891E+003,
 0.40000000E+001, 0.29375000E+001, 0.29375000E+001, 0.31100000E+001, 0.00000000E+000, 0.00000000E+000, 0.80568453E+003, 0.79510347E+003, 0.79619460E+003, 0.12051786E+004, 0.00000000E+000, 0.79498396E+003, 0.00000000E+000, 0.80568583E+003, 0.79453587E+003, 0.15807299E-002, 0.15807299E-002, 0.80568422E+003, 0.62814742E+003,
 0.45000000E+001, 0.29375000E+001, 0.29375000E+001, 0.31100000E+001, 0.00000000E+000, 0.00000000E+000, 0.80568457E+003, 0.79510352E+003, 0.79619463E+003, 0.12051779E+004, 0.00000000E+000, 0.79498401E+003, 0.00000000E+000, 0.80568601E+003, 0.79453593E+003, 0.15806756E-002, 0.15806756E-002, 0.80568417E+003, 0.62814516E+003,
 0.50000000E+001, 0.29375000E+001, 0.29375000E+001, 0.31100000E+001, 0.00000000E+000, 0.00000000E+000, 0.80568460E+003, 0.79510358E+003, 0.79619466E+003, 0.12051772E+004, 0.00000000E+000, 0.79498407E+003, 0.00000000E+000, 0.80568620E+003, 0.79453599E+003, 0.15806335E-002, 0.15806335E-002, 0.80568411E+003, 0.62814216E+003,
 0.55000000E+001, 0.29375000E+001, 0.29375000E+001, 0.31100000E+001, 0.00000000E+000, 0.00000000E+000, 0.80568462E+003, 0.79510363E+003, 0.79619469E+003, 0.12051764E+004, 0.00000000E+000, 0.79498412E+003, 0.00000000E+000, 0.80568639E+003, 0.79453604E+003, 0.15806010E-002, 0.15806010E-002, 0.80568407E+003, 0.62813852E+003,
 0.60000000E+001, 0.29375000E+001, 0.29375000E+001, 0.30250000E+001, 0.00000000E+000, 0.00000000E+000, 0.80568465E+003, 0.79510368E+003, 0.79619473E+003, 0.12057217E+004, 0.00000000E+000, 0.79498418E+003, 0.00000000E+000, 0.80568661E+003, 0.79453610E+003, 0.15805762E-002, 0.15805762E-002, 0.80568406E+003, 0.62813437E+003,
 0.65000000E+001, 0.29375000E+001, 0.29375000E+001, 0.30250000E+001, 0.00000000E+000, 0.00000000E+000, 0.80568473E+003, 0.79510373E+003, 0.79619476E+003, 0.12057211E+004, 0.00000000E+000, 0.79498423E+003, 0.00000000E+000, 0.80568684E+003, 0.79453616E+003, 0.15805573E-002, 0.15805573E-002, 0.80568407E+003, 0.62812989E+003,
 0.70000000E+001, 0.29375000E+001, 0.29375000E+001, 0.30250000E+001, 0.00000000E+000, 0.00000000E+000, 0.80568481E+003, 0.79510378E+003, 0.79619480E+003, 0.12057205E+004, 0.00000000E+000, 0.79498428E+003, 0.00000000E+000, 0.80568707E+003, 0.79453621E+003, 0.15805433E-002, 0.15805433E-002, 0.80568410E+003, 0.62812524E+003,
 0.75000000E+001, 0.29375000E+001, 0.29375000E+001, 0.30250000E+001, 0.00000000E+000, 0.00000000E+000, 0.80568490E+003, 0.79510383E+003, 0.79619484E+003, 0.12057199E+004, 0.00000000E+000, 0.79498433E+003, 0.00000000E+000, 0.80568729E+003, 0.79453626E+003, 0.15805330E-002, 0.15805330E-002, 0.80568414E+003, 0.62812058E+003,
 0.80000000E+001, 0.29375000E+001, 0.29375000E+001, 0.30250000E+001, 0.00000000E+000, 0.00000000E+000, 0.80568499E+003, 0.79510388E+003, 0.79619488E+003, 0.12057195E+004, 0.00000000E+000, 0.79498438E+003, 0.00000000E+000, 0.80568750E+003, 0.79453631E+003, 0.15805256E-002, 0.15805256E-002, 0.80568416E+003, 0.62811604E+003,
 0.85000000E+001, 0.29375000E+001, 0.29375000E+001, 0.30250000E+001, 0.00000000E+000, 0.00000000E+000, 0.80568508E+003, 0.79510393E+003, 0.79619492E+003, 0.12057191E+004, 0.00000000E+000, 0.79498442E+003, 0.00000000E+000, 0.80568768E+003, 0.79453636E+003, 0.15805206E-002, 0.15805206E-002, 0.80568418E+003, 0.62811173E+003,
 0.90000000E+001, 0.29375000E+001, 0.29375000E+001, 0.30250000E+001, 0.00000000E+000, 0.00000000E+000, 0.80568518E+003, 0.79510397E+003, 0.79619496E+003, 0.12057187E+004, 0.00000000E+000, 0.79498447E+003, 0.00000000E+000, 0.80568783E+003, 0.79453641E+003, 0.15805175E-002, 0.15805175E-002, 0.80568418E+003, 0.62810769E+003,
 0.95000000E+001, 0.29375000E+001, 0.29375000E+001, 0.30250000E+001, 0.00000000E+000, 0.00000000E+000, 0.80568527E+003, 0.79510401E+003, 0.79619499E+003, 0.12057184E+004, 0.00000000E+000, 0.79498451E+003, 0.00000000E+000, 0.80568795E+003, 0.79453646E+003, 0.15805158E-002, 0.15805158E-002, 0.80568418E+003, 0.62810398E+003,
 0.10000000E+002, 0.29375000E+001, 0.29375000E+001, 0.30250000E+001, 0.00000000E+000, 0.00000000E+000, 0.80568537E+003, 0.79510405E+003, 0.79619503E+003, 0.12057182E+004, 0.00000000E+000, 0.79498455E+003, 0.00000000E+000, 0.80568805E+003, 0.79453650E+003, 0.15805151E-002, 0.15805151E-002, 0.80568418E+003, 0.62810061E+003,
 0.10500000E+002, 0.29375000E+001, 0.29375000E+001, 0.30250000E+001, 0.00000000E+000, 0.00000000E+000, 0.80568546E+003, 0.79510409E+003, 0.79619506E+003, 0.12057180E+004, 0.00000000E+000, 0.79498459E+003, 0.00000000E+000, 0.80568813E+003, 0.79453654E+003, 0.15805154E-002, 0.15805154E-002, 0.80568417E+003, 0.62809758E+003,
 0.11000000E+002, 0.29375000E+001, 0.29375000E+001, 0.30250000E+001, 0.00000000E+000, 0.00000000E+000, 0.80568556E+003, 0.79510414E+003, 0.79619510E+003, 0.12057178E+004, 0.00000000E+000, 0.79498464E+003, 0.00000000E+000, 0.80568834E+003, 0.79453660E+003, 0.15800639E-002, 0.15800639E-002, 0.80568411E+003, 0.62809488E+003,
 0.11500000E+002, 0.29375000E+001, 0.29375000E+001, 0.30250000E+001, 0.00000000E+000, 0.00000000E+000, 0.80568610E+003, 0.79510477E+003, 0.79619514E+003, 0.12057141E+004, 0.00000000E+000, 0.79498559E+003, 0.00000000E+000, 0.80570460E+003, 0.79453810E+003, 0.15347337E-002, 0.15347337E-002, 0.80567806E+003, 0.62809248E+003,
 0.12000000E+002, 0.29375000E+001, 0.29375000E+001, 0.31100000E+001, 0.00000000E+000, 0.00000000E+000, 0.80568983E+003, 0.79510749E+003, 0.79619590E+003, 0.12051597E+004, 0.00000000E+000, 0.79498904E+003, 0.00000000E+000, 0.80574331E+003, 0.79454248E+003, 0.14918391E-002, 0.14918391E-002, 0.80567401E+003, 0.62809025E+003,
 0.12500000E+002, 0.29375000E+001, 0.29375000E+001, 0.31100000E+001, 0.00000000E+000, 0.00000000E+000, 0.80569810E+003, 0.79511282E+003, 0.79619765E+003, 0.12051375E+004, 0.00000000E+000, 0.79499525E+003, 0.00000000E+000, 0.80579363E+003, 0.79454927E+003, 0.14516497E-002, 0.14516497E-002, 0.80568025E+003, 0.62808828E+003,
 0.13000000E+002, 0.29375000E+001, 0.29375000E+001, 0.31100000E+001, 0.00000000E+000, 0.00000000E+000, 0.80570968E+003, 0.79512029E+003, 0.79620019E+003, 0.12050935E+004, 0.00000000E+000, 0.79500366E+003, 0.00000000E+000, 0.80585237E+003, 0.79455807E+003, 0.14133538E-002, 0.14133538E-002, 0.80568869E+003, 0.62808663E+003,
 0.13500000E+002, 0.29375000E+001, 0.29375000E+001, 0.31100000E+001, 0.00000000E+000, 0.00000000E+000, 0.80572372E+003, 0.79512968E+003, 0.79620370E+003, 0.12050825E+004, 0.00000000E+000, 0.79501398E+003, 0.00000000E+000, 0.80591753E+003, 0.79456876E+003, 0.13774050E-002, 0.13774050E-002, 0.80569511E+003, 0.62808530E+003,
 0.14000000E+002, 0.29375000E+001, 0.29375000E+001, 0.31100000E+001, 0.00000000E+000, 0.00000000E+000, 0.80573945E+003, 0.79514076E+003, 0.79620828E+003, 0.12050778E+004, 0.00000000E+000, 0.79502598E+003, 0.00000000E+000, 0.80598783E+003, 0.79458112E+003, 0.13435576E-002, 0.13435576E-002, 0.80569817E+003, 0.62808416E+003,
 0.14500000E+002, 0.29375000E+001, 0.29375000E+001, 0.31100000E+001, 0.00000000E+000, 0.00000000E+000, 0.80575622E+003, 0.79515336E+003, 0.79621405E+003, 0.12050748E+004, 0.00000000E+000, 0.79503948E+003, 0.00000000E+000, 0.80606251E+003, 0.79459502E+003, 0.13113765E-002, 0.13113765E-002, 0.80569807E+003, 0.62808315E+003,
 0.15000000E+002, 0.29375000E+001, 0.29375000E+001, 0.31100000E+001, 0.00000000E+000, 0.00000000E+000, 0.80577352E+003, 0.79516735E+003, 0.79622104E+003, 0.12050748E+004, 0.00000000E+000, 0.79505432E+003, 0.00000000E+000, 0.80614109E+003, 0.79461033E+003, 0.12808434E-002, 0.12808434E-002, 0.80569574E+003, 0.62808225E+003,
 0.15500000E+002, 0.29375000E+001, 0.29375000E+001, 0.31100000E+001, 0.00000000E+000, 0.00000000E+000, 0.80579099E+003, 0.79518260E+003, 0.79622930E+003, 0.12050776E+004, 0.00000000E+000, 0.79507039E+003, 0.00000000E+000, 0.80622318E+003, 0.79462695E+003, 0.12517868E-002, 0.12517868E-002, 0.80569226E+003, 0.62808142E+003,
 0.16000000E+002, 0.29375000E+001, 0.29375000E+001, 0.31100000E+001, 0.00000000E+000, 0.00000000E+000, 0.80580835E+003, 0.79519901E+003, 0.79623880E+003, 0.12050836E+004, 0.00000000E+000, 0.79508760E+003, 0.00000000E+000, 0.80630847E+003, 0.79464476E+003, 0.12240917E-002, 0.12240917E-002, 0.80568844E+003, 0.62808065E+003,
 0.16500000E+002, 0.29375000E+001, 0.29375000E+001, 0.31100000E+001, 0.00000000E+000, 0.00000000E+000, 0.80582540E+003, 0.79521651E+003, 0.79624951E+003, 0.12050926E+004, 0.00000000E+000, 0.79510585E+003, 0.00000000E+000, 0.80639668E+003, 0.79466369E+003, 0.11976677E-002, 0.11976677E-002, 0.80568487E+003, 0.62807988E+003,
 0.17000000E+002, 0.29375000E+001, 0.29375000E+001, 0.31100000E+001, 0.00000000E+000, 0.00000000E+000, 0.80584200E+003, 0.79523499E+003, 0.79626138E+003, 0.12051048E+004, 0.00000000E+000, 0.79512508E+003, 0.00000000E+000, 0.80648756E+003, 0.79468364E+003, 0.11724086E-002, 0.11724086E-002, 0.80568184E+003, 0.62807904E+003,
 0.17500000E+002, 0.29375000E+001, 0.29375000E+001, 0.31100000E+001, 0.00000000E+000, 0.00000000E+000, 0.80585803E+003, 0.79525441E+003, 0.79627436E+003, 0.12051199E+004, 0.00000000E+000, 0.79514520E+003, 0.00000000E+000, 0.80658090E+003, 0.79470454E+003, 0.11482372E-002, 0.11482372E-002, 0.80567948E+003, 0.62807803E+003,
 0.18000000E+002, 0.29375000E+001, 0.29375000E+001, 0.31100000E+001, 0.00000000E+000, 0.00000000E+000, 0.80587344E+003, 0.79527467E+003, 0.79628837E+003, 0.12051378E+004, 0.00000000E+000, 0.79516616E+003, 0.00000000E+000, 0.80667650E+003, 0.79472633E+003, 0.11250752E-002, 0.11250752E-002, 0.80567779E+003, 0.62807673E+003,
 0.18500000E+002, 0.29375000E+001, 0.29375000E+001, 0.31100000E+001, 0.00000000E+000, 0.00000000E+000, 0.80588817E+003, 0.79529573E+003, 0.79630334E+003, 0.12051583E+004, 0.00000000E+000, 0.79518789E+003, 0.00000000E+000, 0.80677415E+003, 0.79474894E+003, 0.11028547E-002, 0.11028547E-002, 0.80567671E+003, 0.62807505E+003,
 0.19000000E+002, 0.29375000E+001, 0.29375000E+001, 0.31100000E+001, 0.00000000E+000, 0.00000000E+000, 0.80590219E+003, 0.79531752E+003, 0.79631921E+003, 0.12051813E+004, 0.00000000E+000, 0.79521033E+003, 0.00000000E+000, 0.80687367E+003, 0.79477232E+003, 0.10815129E-002, 0.10815129E-002, 0.80567614E+003, 0.62807293E+003,
 0.19500000E+002, 0.29375000E+001, 0.29375000E+001, 0.30250000E+001, 0.00000000E+000, 0.00000000E+000, 0.80591807E+003, 0.79533999E+003, 0.79633589E+003, 0.12057519E+004, 0.00000000E+000, 0.79523343E+003, 0.00000000E+000, 0.80697478E+003, 0.79479640E+003, 0.10609993E-002, 0.10609993E-002, 0.80567602E+003, 0.62807074E+003,
 0.20000000E+002, 0.29375000E+001, 0.29375000E+001, 0.30250000E+001, 0.00000000E+000, 0.00000000E+000, 0.80594507E+003, 0.79536307E+003, 0.79635331E+003, 0.12057793E+004, 0.00000000E+000, 0.79525714E+003, 0.00000000E+000, 0.80707776E+003, 0.79482114E+003, 0.10412503E-002, 0.10412503E-002, 0.80567595E+003, 0.62806774E+003,
 0.20100000E+002, 0.29375000E+001, 0.29375000E+001, 0.30250000E+001, 0.00000000E+000, 0.00000000E+000, 0.80595064E+003, 0.79536775E+003, 0.79635687E+003, 0.12057974E+004, 0.00000000E+000, 0.79526195E+003, 0.00000000E+000, 0.80710071E+003, 0.79482617E+003, 0.10373237E-002, 0.10373237E-002, 0.80567415E+003, 0.62806411E+003,
 0.20200000E+002, 0.29375000E+001, 0.29375000E+001, 0.30250000E+001, 0.00000000E+000, 0.00000000E+000, 0.80595626E+003, 0.79537241E+003, 0.79636037E+003, 0.12058033E+004, 0.00000000E+000, 0.79526676E+003, 0.00000000E+000, 0.80712024E+003, 0.79483121E+003, 0.10337877E-002, 0.10337877E-002, 0.80567587E+003, 0.62806344E+003,
 0.20300000E+002, 0.29375000E+001, 0.29375000E+001, 0.30250000E+001, 0.00000000E+000, 0.00000000E+000, 0.80596191E+003, 0.79537711E+003, 0.79636393E+003, 0.12058095E+004, 0.00000000E+000, 0.79527158E+003, 0.00000000E+000, 0.80714036E+003, 0.79483628E+003, 0.10298616E-002, 0.10298616E-002, 0.80567672E+003, 0.62806263E+003,
 0.20400000E+002, 0.29375000E+001, 0.29375000E+001, 0.30250000E+001, 0.00000000E+000, 0.00000000E+000, 0.80596760E+003, 0.79538182E+003, 0.79636750E+003, 0.12058158E+004, 0.00000000E+000, 0.79527642E+003, 0.00000000E+000, 0.80716086E+003, 0.79484136E+003, 0.10261193E-002, 0.10261193E-002, 0.80567708E+003, 0.62806168E+003,
 0.20500000E+002, 0.29375000E+001, 0.29375000E+001, 0.30250000E+001, 0.00000000E+000, 0.00000000E+000, 0.80597333E+003, 0.79538656E+003, 0.79637110E+003, 0.12058222E+004, 0.00000000E+000, 0.79528128E+003, 0.00000000E+000, 0.80718158E+003, 0.79484647E+003, 0.10223593E-002, 0.10223593E-002, 0.80567722E+003, 0.62806065E+003,
 0.20600000E+002, 0.29375000E+001, 0.29375000E+001, 0.30250000E+001, 0.00000000E+000, 0.00000000E+000, 0.80597911E+003, 0.79539131E+003, 0.79637472E+003, 0.12058286E+004, 0.00000000E+000, 0.79528616E+003, 0.00000000E+000, 0.80720243E+003, 0.79485161E+003, 0.10186413E-002, 0.10186413E-002, 0.80567726E+003, 0.62805955E+003,
 0.20700000E+002, 0.29375000E+001, 0.29375000E+001, 0.30250000E+001, 0.00000000E+000, 0.00000000E+000, 0.80598493E+003, 0.79539608E+003, 0.79637835E+003, 0.12058352E+004, 0.00000000E+000, 0.79529106E+003, 0.00000000E+000, 0.80722335E+003, 0.79485676E+003, 0.10149482E-002, 0.10149482E-002, 0.80567727E+003, 0.62805840E+003,
 0.20800000E+002, 0.29375000E+001, 0.29375000E+001, 0.30250000E+001, 0.00000000E+000, 0.00000000E+000, 0.80599080E+003, 0.79540088E+003, 0.79638201E+003, 0.12058417E+004, 0.00000000E+000, 0.79529598E+003, 0.00000000E+000, 0.80724440E+003, 0.79486193E+003, 0.10112800E-002, 0.10112800E-002, 0.80567722E+003, 0.62805712E+003,
 0.20900000E+002, 0.29375000E+001, 0.29375000E+001, 0.30250000E+001, 0.00000000E+000, 0.00000000E+000, 0.80599671E+003, 0.79540568E+003, 0.79638569E+003, 0.12058484E+004, 0.00000000E+000, 0.79530092E+003, 0.00000000E+000, 0.80726551E+003, 0.79486712E+003, 0.10076389E-002, 0.10076389E-002, 0.80567717E+003, 0.62805573E+003,
 0.21000000E+002, 0.29375000E+001, 0.29375000E+001, 0.30250000E+001, 0.00000000E+000, 0.00000000E+000, 0.80600267E+003, 0.79541051E+003, 0.79638939E+003, 0.12058551E+004, 0.00000000E+000, 0.79530587E+003, 0.00000000E+000, 0.80728666E+003, 0.79487234E+003, 0.10040241E-002, 0.10040241E-002, 0.80567714E+003, 0.62805424E+003,
 0.21100000E+002, 0.29375000E+001, 0.29375000E+001, 0.30250000E+001, 0.00000000E+000, 0.00000000E+000, 0.80600867E+003, 0.79541536E+003, 0.79639311E+003, 0.12058618E+004, 0.00000000E+000, 0.79531084E+003, 0.00000000E+000, 0.80730784E+003, 0.79487757E+003, 0.10004352E-002, 0.10004352E-002, 0.80567716E+003, 0.62805266E+003,
 0.21200000E+002, 0.29375000E+001, 0.29375000E+001, 0.30250000E+001, 0.00000000E+000, 0.00000000E+000, 0.80601472E+003, 0.79542022E+003, 0.79639685E+003, 0.12058686E+004, 0.00000000E+000, 0.79531583E+003, 0.00000000E+000, 0.80732903E+003, 0.79488282E+003, 0.99687174E-003, 0.99687174E-003, 0.80567721E+003, 0.62805099E+003,
 0.21300000E+002, 0.29375000E+001, 0.29375000E+001, 0.30250000E+001, 0.00000000E+000, 0.00000000E+000, 0.80602081E+003, 0.79542510E+003, 0.79640061E+003, 0.12058755E+004, 0.00000000E+000, 0.79532084E+003, 0.00000000E+000, 0.80735025E+003, 0.79488809E+003, 0.99333366E-003, 0.99333366E-003, 0.80567728E+003, 0.62804923E+003,
 0.21400000E+002, 0.29375000E+001, 0.29375000E+001, 0.30250000E+001, 0.00000000E+000, 0.00000000E+000, 0.80602694E+003, 0.79543000E+003, 0.79640438E+003, 0.12058824E+004, 0.00000000E+000, 0.79532586E+003, 0.00000000E+000, 0.80737148E+003, 0.79489338E+003, 0.98982056E-003, 0.98982056E-003, 0.80567738E+003, 0.62804739E+003,
 0.21500000E+002, 0.29375000E+001, 0.29375000E+001, 0.30250000E+001, 0.00000000E+000, 0.00000000E+000, 0.80603311E+003, 0.79543491E+003, 0.79640818E+003, 0.12058894E+004, 0.00000000E+000, 0.79533089E+003, 0.00000000E+000, 0.80739272E+003, 0.79489869E+003, 0.98633227E-003, 0.98633227E-003, 0.80567750E+003, 0.62804548E+003,
 0.21600000E+002, 0.29375000E+001, 0.29375000E+001, 0.30250000E+001, 0.00000000E+000, 0.00000000E+000, 0.80603933E+003, 0.79543983E+003, 0.79641199E+003, 0.12058965E+004, 0.00000000E+000, 0.79533594E+003, 0.00000000E+000, 0.80741399E+003, 0.79490401E+003, 0.98286844E-003, 0.98286844E-003, 0.80567762E+003, 0.62804350E+003,
 0.21700000E+002, 0.29375000E+001, 0.29375000E+001, 0.30250000E+001, 0.00000000E+000, 0.00000000E+000, 0.80604559E+003, 0.79544478E+003, 0.79641581E+003, 0.12059036E+004, 0.00000000E+000, 0.79534101E+003, 0.00000000E+000, 0.80743527E+003, 0.79490935E+003, 0.97942884E-003, 0.97942884E-003, 0.80567774E+003, 0.62804145E+003,
 0.21800000E+002, 0.29375000E+001, 0.29375000E+001, 0.30250000E+001, 0.00000000E+000, 0.00000000E+000, 0.80605189E+003, 0.79544973E+003, 0.79641966E+003, 0.12059107E+004, 0.00000000E+000, 0.79534609E+003, 0.00000000E+000, 0.80745658E+003, 0.79491471E+003, 0.97601323E-003, 0.97601323E-003, 0.80567787E+003, 0.62803933E+003,
 0.21900000E+002, 0.29375000E+001, 0.29375000E+001, 0.30250000E+001, 0.00000000E+000, 0.00000000E+000, 0.80605823E+003, 0.79545471E+003, 0.79642352E+003, 0.12059179E+004, 0.00000000E+000, 0.79535119E+003, 0.00000000E+000, 0.80747791E+003, 0.79492009E+003, 0.97262131E-003, 0.97262131E-003, 0.80567800E+003, 0.62803716E+003,
 0.22000000E+002, 0.29375000E+001, 0.29375000E+001, 0.30250000E+001, 0.00000000E+000, 0.00000000E+000, 0.80606461E+003, 0.79545969E+003, 0.79642739E+003, 0.12059252E+004, 0.00000000E+000, 0.79535630E+003, 0.00000000E+000, 0.80749926E+003, 0.79492548E+003, 0.96925292E-003, 0.96925292E-003, 0.80567812E+003, 0.62803491E+003,
 0.22100000E+002, 0.29375000E+001, 0.29375000E+001, 0.30250000E+001, 0.00000000E+000, 0.00000000E+000, 0.80607103E+003, 0.79546469E+003, 0.79643128E+003, 0.12059325E+004, 0.00000000E+000, 0.79536142E+003, 0.00000000E+000, 0.80752064E+003, 0.79493089E+003, 0.96590769E-003, 0.96590769E-003, 0.80567823E+003, 0.62803260E+003,
 0.22200000E+002, 0.29375000E+001, 0.29375000E+001, 0.30250000E+001, 0.00000000E+000, 0.00000000E+000, 0.80607749E+003, 0.79546971E+003, 0.79643519E+003, 0.12059398E+004, 0.00000000E+000, 0.79536656E+003, 0.00000000E+000, 0.80754205E+003, 0.79493632E+003, 0.96258553E-003, 0.96258553E-003, 0.80567833E+003, 0.62803023E+003,
 0.22300000E+002, 0.29375000E+001, 0.29375000E+001, 0.30250000E+001, 0.00000000E+000, 0.00000000E+000, 0.80608399E+003, 0.79547473E+003, 0.79643911E+003, 0.12059472E+004, 0.00000000E+000, 0.79537171E+003, 0.00000000E+000, 0.80756348E+003, 0.79494176E+003, 0.95928603E-003, 0.95928603E-003, 0.80567844E+003, 0.62802781E+003,
 0.22400000E+002, 0.29375000E+001, 0.29375000E+001, 0.30250000E+001, 0.00000000E+000, 0.00000000E+000, 0.80609053E+003, 0.79547977E+003, 0.79644304E+003, 0.12059547E+004, 0.00000000E+000, 0.79537687E+003, 0.00000000E+000, 0.80758493E+003, 0.79494722E+003, 0.95600913E-003, 0.95600913E-003, 0.80567854E+003, 0.62802533E+003,
 0.22500000E+002, 0.29375000E+001, 0.29375000E+001, 0.30250000E+001, 0.00000000E+000, 0.00000000E+000, 0.80609710E+003, 0.79548482E+003, 0.79644698E+003, 0.12059622E+004, 0.00000000E+000, 0.79538205E+003, 0.00000000E+000, 0.80760640E+003, 0.79495269E+003, 0.95275443E-003, 0.95275443E-003, 0.80567862E+003, 0.62802279E+003,
 0.22600000E+002, 0.29375000E+001, 0.29375000E+001, 0.30250000E+001, 0.00000000E+000, 0.00000000E+000, 0.80610372E+003, 0.79548989E+003, 0.79645094E+003, 0.12059697E+004, 0.00000000E+000, 0.79538723E+003, 0.00000000E+000, 0.80762791E+003, 0.79495817E+003, 0.94952188E-003, 0.94952188E-003, 0.80567870E+003, 0.62802018E+003,
 0.22700000E+002, 0.29375000E+001, 0.29375000E+001, 0.30250000E+001, 0.00000000E+000, 0.00000000E+000, 0.80611037E+003, 0.79549496E+003, 0.79645491E+003, 0.12059773E+004, 0.00000000E+000, 0.79539243E+003, 0.00000000E+000, 0.80764944E+003, 0.79496367E+003, 0.94631107E-003, 0.94631107E-003, 0.80567878E+003, 0.62801752E+003,
 0.22800000E+002, 0.29375000E+001, 0.29375000E+001, 0.30250000E+001, 0.00000000E+000, 0.00000000E+000, 0.80611706E+003, 0.79550005E+003, 0.79645889E+003, 0.12059849E+004, 0.00000000E+000, 0.79539764E+003, 0.00000000E+000, 0.80767098E+003, 0.79496919E+003, 0.94312189E-003, 0.94312189E-003, 0.80567886E+003, 0.62801480E+003,
 0.22900000E+002, 0.29375000E+001, 0.29375000E+001, 0.30250000E+001, 0.00000000E+000, 0.00000000E+000, 0.80612379E+003, 0.79550514E+003, 0.79646289E+003, 0.12059926E+004, 0.00000000E+000, 0.79540286E+003, 0.00000000E+000, 0.80769255E+003, 0.79497472E+003, 0.93995404E-003, 0.93995404E-003, 0.80567894E+003, 0.62801203E+003,
 0.23000000E+002, 0.29375000E+001, 0.29375000E+001, 0.30250000E+001, 0.00000000E+000, 0.00000000E+000, 0.80613056E+003, 0.79551025E+003, 0.79646689E+003, 0.12060003E+004, 0.00000000E+000, 0.79540809E+003, 0.00000000E+000, 0.80771413E+003, 0.79498026E+003, 0.93680737E-003, 0.93680737E-003, 0.80567901E+003, 0.62800920E+003,
 0.23100000E+002, 0.29375000E+001, 0.29375000E+001, 0.30250000E+001, 0.00000000E+000, 0.00000000E+000, 0.80613736E+003, 0.79551537E+003, 0.79647090E+003, 0.12060081E+004, 0.00000000E+000, 0.79541334E+003, 0.00000000E+000, 0.80773573E+003, 0.79498581E+003, 0.93368165E-003, 0.93368165E-003, 0.80567909E+003, 0.62800633E+003,
 0.23200000E+002, 0.29375000E+001, 0.29375000E+001, 0.30250000E+001, 0.00000000E+000, 0.00000000E+000, 0.80614420E+003, 0.79552050E+003, 0.79647493E+003, 0.12060159E+004, 0.00000000E+000, 0.79541859E+003, 0.00000000E+000, 0.80775734E+003, 0.79499138E+003, 0.93057669E-003, 0.93057669E-003, 0.80567917E+003, 0.62800341E+003,
 0.23300000E+002, 0.29375000E+001, 0.29375000E+001, 0.30250000E+001, 0.00000000E+000, 0.00000000E+000, 0.80615107E+003, 0.79552563E+003, 0.79647896E+003, 0.12060237E+004, 0.00000000E+000, 0.79542385E+003, 0.00000000E+000, 0.80777899E+003, 0.79499696E+003, 0.92749228E-003, 0.92749228E-003, 0.80567923E+003, 0.62800042E+003,
 0.23400000E+002, 0.29375000E+001, 0.29375000E+001, 0.30250000E+001, 0.00000000E+000, 0.00000000E+000, 0.80615798E+003, 0.79553078E+003, 0.79648300E+003, 0.12060316E+004, 0.00000000E+000, 0.79542912E+003, 0.00000000E+000, 0.80780065E+003, 0.79500255E+003, 0.92442818E-003, 0.92442818E-003, 0.80567929E+003, 0.62799737E+003,
 0.23500000E+002, 0.29375000E+001, 0.29375000E+001, 0.30250000E+001, 0.00000000E+000, 0.00000000E+000, 0.80616493E+003, 0.79553594E+003, 0.79648705E+003, 0.12060396E+004, 0.00000000E+000, 0.79543440E+003, 0.00000000E+000, 0.80782233E+003, 0.79500816E+003, 0.92138420E-003, 0.92138420E-003, 0.80567935E+003, 0.62799426E+003,
 0.23600000E+002, 0.29375000E+001, 0.29375000E+001, 0.30250000E+001, 0.00000000E+000, 0.00000000E+000, 0.80617191E+003, 0.79554110E+003, 0.79649111E+003, 0.12060475E+004, 0.00000000E+000, 0.79543969E+003, 0.00000000E+000, 0.80784401E+003, 0.79501377E+003, 0.91836014E-003, 0.91836014E-003, 0.80567941E+003, 0.62799109E+003,
 0.23700000E+002, 0.29375000E+001, 0.29375000E+001, 0.30250000E+001, 0.00000000E+000, 0.00000000E+000, 0.80617892E+003, 0.79554627E+003, 0.79649517E+003, 0.12060555E+004, 0.00000000E+000, 0.79544498E+003, 0.00000000E+000, 0.80786571E+003, 0.79501940E+003, 0.91535584E-003, 0.91535584E-003, 0.80567948E+003, 0.62798786E+003,
 0.23800000E+002, 0.29375000E+001, 0.29375000E+001, 0.30250000E+001, 0.00000000E+000, 0.00000000E+000, 0.80618597E+003, 0.79555145E+003, 0.79649924E+003, 0.12060636E+004, 0.00000000E+000, 0.79545028E+003, 0.00000000E+000, 0.80788742E+003, 0.79502504E+003, 0.91237105E-003, 0.91237105E-003, 0.80567955E+003, 0.62798458E+003,
 0.23900000E+002, 0.29375000E+001, 0.29375000E+001, 0.30250000E+001, 0.00000000E+000, 0.00000000E+000, 0.80619305E+003, 0.79555664E+003, 0.79650332E+003, 0.12060717E+004, 0.00000000E+000, 0.79545560E+003, 0.00000000E+000, 0.80790913E+003, 0.79503069E+003, 0.90940565E-003, 0.90940565E-003, 0.80567962E+003, 0.62798125E+003,
 0.24000000E+002, 0.29375000E+001, 0.29375000E+001, 0.30250000E+001, 0.00000000E+000, 0.00000000E+000, 0.80620017E+003, 0.79556183E+003, 0.79650741E+003, 0.12060798E+004, 0.00000000E+000, 0.79546091E+003, 0.00000000E+000, 0.80793085E+003, 0.79503634E+003, 0.90645938E-003, 0.90645938E-003, 0.80567970E+003, 0.62797786E+003,
 0.24100000E+002, 0.29375000E+001, 0.29375000E+001, 0.30250000E+001, 0.00000000E+000, 0.00000000E+000, 0.80620732E+003, 0.79556703E+003, 0.79651150E+003, 0.12060879E+004, 0.00000000E+000, 0.79546624E+003, 0.00000000E+000, 0.80795258E+003, 0.79504201E+003, 0.90353209E-003, 0.90353209E-003, 0.80567977E+003, 0.62797441E+003,
 0.24200000E+002, 0.29375000E+001, 0.29375000E+001, 0.30250000E+001, 0.00000000E+000, 0.00000000E+000, 0.80621451E+003, 0.79557224E+003, 0.79651559E+003, 0.12060961E+004, 0.00000000E+000, 0.79547157E+003, 0.00000000E+000, 0.80797432E+003, 0.79504769E+003, 0.90062356E-003, 0.90062356E-003, 0.80567984E+003, 0.62797090E+003,
 0.24300000E+002, 0.29375000E+001, 0.29375000E+001, 0.30250000E+001, 0.00000000E+000, 0.00000000E+000, 0.80622172E+003, 0.79557745E+003, 0.79651969E+003, 0.12061044E+004, 0.00000000E+000, 0.79547691E+003, 0.00000000E+000, 0.80799606E+003, 0.79505338E+003, 0.89773371E-003, 0.89773371E-003, 0.80567992E+003, 0.62796734E+003,
 0.24400000E+002, 0.29375000E+001, 0.29375000E+001, 0.30250000E+001, 0.00000000E+000, 0.00000000E+000, 0.80622897E+003, 0.79558267E+003, 0.79652380E+003, 0.12061126E+004, 0.00000000E+000, 0.79548226E+003, 0.00000000E+000, 0.80801780E+003, 0.79505908E+003, 0.89486223E-003, 0.89486223E-003, 0.80567999E+003, 0.62796372E+003,
 0.24500000E+002, 0.29375000E+001, 0.29375000E+001, 0.30250000E+001, 0.00000000E+000, 0.00000000E+000, 0.80623625E+003, 0.79558790E+003, 0.79652791E+003, 0.12061209E+004, 0.00000000E+000, 0.79548761E+003, 0.00000000E+000, 0.80803955E+003, 0.79506478E+003, 0.89200904E-003, 0.89200904E-003, 0.80568006E+003, 0.62796004E+003,
 0.24600000E+002, 0.29375000E+001, 0.29375000E+001, 0.30250000E+001, 0.00000000E+000, 0.00000000E+000, 0.80624356E+003, 0.79559313E+003, 0.79653202E+003, 0.12061293E+004, 0.00000000E+000, 0.79549296E+003, 0.00000000E+000, 0.80806130E+003, 0.79507050E+003, 0.88917389E-003, 0.88917389E-003, 0.80568013E+003, 0.62795631E+003,
 0.24700000E+002, 0.29375000E+001, 0.29375000E+001, 0.30250000E+001, 0.00000000E+000, 0.00000000E+000, 0.80625091E+003, 0.79559836E+003, 0.79653614E+003, 0.12061376E+004, 0.00000000E+000, 0.79549832E+003, 0.00000000E+000, 0.80808305E+003, 0.79507622E+003, 0.88635669E-003, 0.88635669E-003, 0.80568020E+003, 0.62795251E+003,
 0.24800000E+002, 0.29375000E+001, 0.29375000E+001, 0.30250000E+001, 0.00000000E+000, 0.00000000E+000, 0.80625828E+003, 0.79560360E+003, 0.79654026E+003, 0.12061460E+004, 0.00000000E+000, 0.79550369E+003, 0.00000000E+000, 0.80810480E+003, 0.79508195E+003, 0.88355723E-003, 0.88355723E-003, 0.80568027E+003, 0.62794865E+003,
 0.24900000E+002, 0.29375000E+001, 0.29375000E+001, 0.30250000E+001, 0.00000000E+000, 0.00000000E+000, 0.80626568E+003, 0.79560885E+003, 0.79654438E+003, 0.12061545E+004, 0.00000000E+000, 0.79550906E+003, 0.00000000E+000, 0.80812655E+003, 0.79508769E+003, 0.88077540E-003, 0.88077540E-003, 0.80568035E+003, 0.62794474E+003,
 0.25000000E+002, 0.29375000E+001, 0.29375000E+001, 0.30250000E+001, 0.00000000E+000, 0.00000000E+000, 0.80627312E+003, 0.79561410E+003, 0.79654850E+003, 0.12061629E+004, 0.00000000E+000, 0.79551443E+003, 0.00000000E+000, 0.80814829E+003, 0.79509344E+003, 0.87801092E-003, 0.87801092E-003, 0.80568042E+003, 0.62794076E+003,
 0.25100000E+002, 0.29375000E+001, 0.29375000E+001, 0.30250000E+001, 0.00000000E+000, 0.00000000E+000, 0.80628059E+003, 0.79561935E+003, 0.79655263E+003, 0.12061714E+004, 0.00000000E+000, 0.79551981E+003, 0.00000000E+000, 0.80817003E+003, 0.79509919E+003, 0.87526371E-003, 0.87526371E-003, 0.80568049E+003, 0.62793673E+003,
 0.25200000E+002, 0.29375000E+001, 0.29375000E+001, 0.30250000E+001, 0.00000000E+000, 0.00000000E+000, 0.80628808E+003, 0.79562460E+003, 0.79655675E+003, 0.12061799E+004, 0.00000000E+000, 0.79552519E+003, 0.00000000E+000, 0.80819177E+003, 0.79510495E+003, 0.87253356E-003, 0.87253356E-003, 0.80568057E+003, 0.62793264E+003,
 0.25300000E+002, 0.29375000E+001, 0.29375000E+001, 0.30250000E+001, 0.00000000E+000, 0.00000000E+000, 0.80629560E+003, 0.79562986E+003, 0.79656088E+003, 0.12061885E+004, 0.00000000E+000, 0.79553058E+003, 0.00000000E+000, 0.80821350E+003, 0.79511072E+003, 0.86982035E-003, 0.86982035E-003, 0.80568064E+003, 0.62792849E+003,
 0.25400000E+002, 0.29375000E+001, 0.29375000E+001, 0.30250000E+001, 0.00000000E+000, 0.00000000E+000, 0.80630316E+003, 0.79563512E+003, 0.79656501E+003, 0.12061971E+004, 0.00000000E+000, 0.79553596E+003, 0.00000000E+000, 0.80823522E+003, 0.79511649E+003, 0.86712390E-003, 0.86712390E-003, 0.80568071E+003, 0.62792428E+003,
 0.25500000E+002, 0.29375000E+001, 0.29375000E+001, 0.30250000E+001, 0.00000000E+000, 0.00000000E+000, 0.80631074E+003, 0.79564038E+003, 0.79656914E+003, 0.12062057E+004, 0.00000000E+000, 0.79554135E+003, 0.00000000E+000, 0.80825693E+003, 0.79512227E+003, 0.86444410E-003, 0.86444410E-003, 0.80568078E+003, 0.62792002E+003,
 0.25600000E+002, 0.29375000E+001, 0.29375000E+001, 0.30250000E+001, 0.00000000E+000, 0.00000000E+000, 0.80631835E+003, 0.79564565E+003, 0.79657327E+003, 0.12062143E+004, 0.00000000E+000, 0.79554675E+003, 0.00000000E+000, 0.80827863E+003, 0.79512805E+003, 0.86178074E-003, 0.86178074E-003, 0.80568085E+003, 0.62791570E+003,
 0.25700000E+002, 0.29375000E+001, 0.29375000E+001, 0.30250000E+001, 0.00000000E+000, 0.00000000E+000, 0.80632599E+003, 0.79565092E+003, 0.79657740E+003, 0.12062230E+004, 0.00000000E+000, 0.79555214E+003, 0.00000000E+000, 0.80830031E+003, 0.79513384E+003, 0.85913372E-003, 0.85913372E-003, 0.80568093E+003, 0.62791132E+003,
 0.25800000E+002, 0.29375000E+001, 0.29375000E+001, 0.30250000E+001, 0.00000000E+000, 0.00000000E+000, 0.80633365E+003, 0.79565619E+003, 0.79658153E+003, 0.12062317E+004, 0.00000000E+000, 0.79555754E+003, 0.00000000E+000, 0.80832199E+003, 0.79513964E+003, 0.85650286E-003, 0.85650286E-003, 0.80568099E+003, 0.62790689E+003,
 0.25900000E+002, 0.29375000E+001, 0.29375000E+001, 0.30250000E+001, 0.00000000E+000, 0.00000000E+000, 0.80634135E+003, 0.79566146E+003, 0.79658565E+003, 0.12062404E+004, 0.00000000E+000, 0.79556294E+003, 0.00000000E+000, 0.80834366E+003, 0.79514544E+003, 0.85388804E-003, 0.85388804E-003, 0.80568106E+003, 0.62790240E+003,
 0.26000000E+002, 0.29375000E+001, 0.29375000E+001, 0.30250000E+001, 0.00000000E+000, 0.00000000E+000, 0.80634907E+003, 0.79566673E+003, 0.79658978E+003, 0.12062491E+004, 0.00000000E+000, 0.79556834E+003, 0.00000000E+000, 0.80836531E+003, 0.79515124E+003, 0.85128908E-003, 0.85128908E-003, 0.80568113E+003, 0.62789786E+003,
 0.26100000E+002, 0.29375000E+001, 0.29375000E+001, 0.30250000E+001, 0.00000000E+000, 0.00000000E+000, 0.80635681E+003, 0.79567200E+003, 0.79659390E+003, 0.12062579E+004, 0.00000000E+000, 0.79557374E+003, 0.00000000E+000, 0.80838694E+003, 0.79515705E+003, 0.84870585E-003, 0.84870585E-003, 0.80568119E+003, 0.62789326E+003,
 0.26200000E+002, 0.29375000E+001, 0.29375000E+001, 0.30250000E+001, 0.00000000E+000, 0.00000000E+000, 0.80636459E+003, 0.79567728E+003, 0.79659803E+003, 0.12062667E+004, 0.00000000E+000, 0.79557914E+003, 0.00000000E+000, 0.80840857E+003, 0.79516287E+003, 0.84613820E-003, 0.84613820E-003, 0.80568125E+003, 0.62788861E+003,
 0.26300000E+002, 0.29375000E+001, 0.29375000E+001, 0.30250000E+001, 0.00000000E+000, 0.00000000E+000, 0.80637239E+003, 0.79568255E+003, 0.79660215E+003, 0.12062755E+004, 0.00000000E+000, 0.79558455E+003, 0.00000000E+000, 0.80843017E+003, 0.79516868E+003, 0.84358599E-003, 0.84358599E-003, 0.80568131E+003, 0.62788390E+003,
 0.26400000E+002, 0.29375000E+001, 0.29375000E+001, 0.30250000E+001, 0.00000000E+000, 0.00000000E+000, 0.80638021E+003, 0.79568782E+003, 0.79660626E+003, 0.12062844E+004, 0.00000000E+000, 0.79558995E+003, 0.00000000E+000, 0.80845176E+003, 0.79517451E+003, 0.84104909E-003, 0.84104909E-003, 0.80568138E+003, 0.62787915E+003,
 0.26500000E+002, 0.29375000E+001, 0.29375000E+001, 0.30250000E+001, 0.00000000E+000, 0.00000000E+000, 0.80638806E+003, 0.79569309E+003, 0.79661038E+003, 0.12062933E+004, 0.00000000E+000, 0.79559535E+003, 0.00000000E+000, 0.80847332E+003, 0.79518033E+003, 0.83852736E-003, 0.83852736E-003, 0.80568144E+003, 0.62787435E+003,
 0.26600000E+002, 0.29375000E+001, 0.29375000E+001, 0.30250000E+001, 0.00000000E+000, 0.00000000E+000, 0.80639594E+003, 0.79569837E+003, 0.79661449E+003, 0.12063022E+004, 0.00000000E+000, 0.79560075E+003, 0.00000000E+000, 0.80849487E+003, 0.79518616E+003, 0.83602062E-003, 0.83602062E-003, 0.80568150E+003, 0.62786950E+003,
 0.26700000E+002, 0.29375000E+001, 0.29375000E+001, 0.30250000E+001, 0.00000000E+000, 0.00000000E+000, 0.80640384E+003, 0.79570364E+003, 0.79661860E+003, 0.12063111E+004, 0.00000000E+000, 0.79560616E+003, 0.00000000E+000, 0.80851640E+003, 0.79519199E+003, 0.83352880E-003, 0.83352880E-003, 0.80568155E+003, 0.62786459E+003,
 0.26800000E+002, 0.29375000E+001, 0.29375000E+001, 0.30250000E+001, 0.00000000E+000, 0.00000000E+000, 0.80641176E+003, 0.79570891E+003, 0.79662270E+003, 0.12063200E+004, 0.00000000E+000, 0.79561156E+003, 0.00000000E+000, 0.80853791E+003, 0.79519782E+003, 0.83105178E-003, 0.83105178E-003, 0.80568160E+003, 0.62785964E+003,
 0.26900000E+002, 0.29375000E+001, 0.29375000E+001, 0.30250000E+001, 0.00000000E+000, 0.00000000E+000, 0.80641971E+003, 0.79571418E+003, 0.79662680E+003, 0.12063290E+004, 0.00000000E+000, 0.79561696E+003, 0.00000000E+000, 0.80855940E+003, 0.79520366E+003, 0.82858940E-003, 0.82858940E-003, 0.80568165E+003, 0.62785463E+003,
 0.27000000E+002, 0.29375000E+001, 0.29375000E+001, 0.30250000E+001, 0.00000000E+000, 0.00000000E+000, 0.80642768E+003, 0.79571945E+003, 0.79663089E+003, 0.12063380E+004, 0.00000000E+000, 0.79562236E+003, 0.00000000E+000, 0.80858088E+003, 0.79520949E+003, 0.82614153E-003, 0.82614153E-003, 0.80568169E+003, 0.62784956E+003,
 0.27100000E+002, 0.29375000E+001, 0.29375000E+001, 0.30250000E+001, 0.00000000E+000, 0.00000000E+000, 0.80643567E+003, 0.79572471E+003, 0.79663498E+003, 0.12063470E+004, 0.00000000E+000, 0.79562776E+003, 0.00000000E+000, 0.80860233E+003, 0.79521533E+003, 0.82370803E-003, 0.82370803E-003, 0.80568173E+003, 0.62784445E+003,
 0.27200000E+002, 0.29375000E+001, 0.29375000E+001, 0.30250000E+001, 0.00000000E+000, 0.00000000E+000, 0.80644369E+003, 0.79572998E+003, 0.79663907E+003, 0.12063560E+004, 0.00000000E+000, 0.79563315E+003, 0.00000000E+000, 0.80862374E+003, 0.79522117E+003, 0.82128877E-003, 0.82128877E-003, 0.80568178E+003, 0.62783930E+003,
 0.27300000E+002, 0.29375000E+001, 0.29375000E+001, 0.30250000E+001, 0.00000000E+000, 0.00000000E+000, 0.80645173E+003, 0.79573524E+003, 0.79664315E+003, 0.12063651E+004, 0.00000000E+000, 0.79563855E+003, 0.00000000E+000, 0.80864513E+003, 0.79522702E+003, 0.81888361E-003, 0.81888361E-003, 0.80568183E+003, 0.62783410E+003,
 0.27400000E+002, 0.29375000E+001, 0.29375000E+001, 0.30250000E+001, 0.00000000E+000, 0.00000000E+000, 0.80645980E+003, 0.79574050E+003, 0.79664722E+003, 0.12063741E+004, 0.00000000E+000, 0.79564394E+003, 0.00000000E+000, 0.80866650E+003, 0.79523286E+003, 0.81649250E-003, 0.81649250E-003, 0.80568188E+003, 0.62782885E+003,
 0.27500000E+002, 0.29375000E+001, 0.29375000E+001, 0.30250000E+001, 0.00000000E+000, 0.00000000E+000, 0.80646788E+003, 0.79574575E+003, 0.79665129E+003, 0.12063832E+004, 0.00000000E+000, 0.79564933E+003, 0.00000000E+000, 0.80868784E+003, 0.79523870E+003, 0.81411525E-003, 0.81411525E-003, 0.80568192E+003, 0.62782355E+003,
 0.27600000E+002, 0.29375000E+001, 0.29375000E+001, 0.30250000E+001, 0.00000000E+000, 0.00000000E+000, 0.80647599E+003, 0.79575100E+003, 0.79665535E+003, 0.12063923E+004, 0.00000000E+000, 0.79565471E+003, 0.00000000E+000, 0.80870916E+003, 0.79524455E+003, 0.81175174E-003, 0.81175174E-003, 0.80568195E+003, 0.62781821E+003,
 0.27700000E+002, 0.29375000E+001, 0.29375000E+001, 0.30250000E+001, 0.00000000E+000, 0.00000000E+000, 0.80648412E+003, 0.79575625E+003, 0.79665940E+003, 0.12064014E+004, 0.00000000E+000, 0.79566009E+003, 0.00000000E+000, 0.80873046E+003, 0.79525039E+003, 0.80940188E-003, 0.80940188E-003, 0.80568199E+003, 0.62781281E+003,
 0.27800000E+002, 0.29375000E+001, 0.29375000E+001, 0.30250000E+001, 0.00000000E+000, 0.00000000E+000, 0.80649227E+003, 0.79576150E+003, 0.79666345E+003, 0.12064106E+004, 0.00000000E+000, 0.79566547E+003, 0.00000000E+000, 0.80875171E+003, 0.79525624E+003, 0.80706553E-003, 0.80706553E-003, 0.80568203E+003, 0.62780737E+003,
 0.27900000E+002, 0.29375000E+001, 0.29375000E+001, 0.30250000E+001, 0.00000000E+000, 0.00000000E+000, 0.80650044E+003, 0.79576674E+003, 0.79666748E+003, 0.12064198E+004, 0.00000000E+000, 0.79567085E+003, 0.00000000E+000, 0.80877293E+003, 0.79526208E+003, 0.80474266E-003, 0.80474266E-003, 0.80568207E+003, 0.62780189E+003,
 0.28000000E+002, 0.29375000E+001, 0.29375000E+001, 0.30250000E+001, 0.00000000E+000, 0.00000000E+000, 0.80650863E+003, 0.79577198E+003, 0.79667152E+003, 0.12064289E+004, 0.00000000E+000, 0.79567622E+003, 0.00000000E+000, 0.80879413E+003, 0.79526793E+003, 0.80243304E-003, 0.80243304E-003, 0.80568210E+003, 0.62779636E+003,
 0.28100000E+002, 0.29375000E+001, 0.29375000E+001, 0.30250000E+001, 0.00000000E+000, 0.00000000E+000, 0.80651685E+003, 0.79577721E+003, 0.79667554E+003, 0.12064381E+004, 0.00000000E+000, 0.79568159E+003, 0.00000000E+000, 0.80881530E+003, 0.79527377E+003, 0.80013661E-003, 0.80013661E-003, 0.80568213E+003, 0.62779079E+003,
 0.28200000E+002, 0.29375000E+001, 0.29375000E+001, 0.30250000E+001, 0.00000000E+000, 0.00000000E+000, 0.80652508E+003, 0.79578244E+003, 0.79667955E+003, 0.12064473E+004, 0.00000000E+000, 0.79568695E+003, 0.00000000E+000, 0.80883644E+003, 0.79527961E+003, 0.79785324E-003, 0.79785324E-003, 0.80568216E+003, 0.62778516E+003,
 0.28300000E+002, 0.29375000E+001, 0.29375000E+001, 0.30250000E+001, 0.00000000E+000, 0.00000000E+000, 0.80653333E+003, 0.79578766E+003, 0.79668356E+003, 0.12064566E+004, 0.00000000E+000, 0.79569231E+003, 0.00000000E+000, 0.80885754E+003, 0.79528546E+003, 0.79558275E-003, 0.79558275E-003, 0.80568219E+003, 0.62777949E+003,
 0.28400000E+002, 0.29375000E+001, 0.29375000E+001, 0.30250000E+001, 0.00000000E+000, 0.00000000E+000, 0.80654160E+003, 0.79579288E+003, 0.79668756E+003, 0.12064658E+004, 0.00000000E+000, 0.79569767E+003, 0.00000000E+000, 0.80887860E+003, 0.79529130E+003, 0.79332516E-003, 0.79332516E-003, 0.80568223E+003, 0.62777379E+003,
 0.28500000E+002, 0.29375000E+001, 0.29375000E+001, 0.30250000E+001, 0.00000000E+000, 0.00000000E+000, 0.80654989E+003, 0.79579809E+003, 0.79669155E+003, 0.12064751E+004, 0.00000000E+000, 0.79570301E+003, 0.00000000E+000, 0.80889963E+003, 0.79529714E+003, 0.79108033E-003, 0.79108033E-003, 0.80568226E+003, 0.62776804E+003,
 0.28600000E+002, 0.29375000E+001, 0.29375000E+001, 0.30250000E+001, 0.00000000E+000, 0.00000000E+000, 0.80655820E+003, 0.79580330E+003, 0.79669553E+003, 0.12064843E+004, 0.00000000E+000, 0.79570836E+003, 0.00000000E+000, 0.80892063E+003, 0.79530297E+003, 0.78884816E-003, 0.78884816E-003, 0.80568229E+003, 0.62776224E+003,
 0.28700000E+002, 0.29375000E+001, 0.29375000E+001, 0.30250000E+001, 0.00000000E+000, 0.00000000E+000, 0.80656653E+003, 0.79580850E+003, 0.79669950E+003, 0.12064936E+004, 0.00000000E+000, 0.79571370E+003, 0.00000000E+000, 0.80894158E+003, 0.79530881E+003, 0.78662843E-003, 0.78662843E-003, 0.80568232E+003, 0.62775639E+003,
 0.28800000E+002, 0.29375000E+001, 0.29375000E+001, 0.30250000E+001, 0.00000000E+000, 0.00000000E+000, 0.80657487E+003, 0.79581369E+003, 0.79670346E+003, 0.12065029E+004, 0.00000000E+000, 0.79571903E+003, 0.00000000E+000, 0.80896250E+003, 0.79531464E+003, 0.78442118E-003, 0.78442118E-003, 0.80568235E+003, 0.62775051E+003,
 0.28900000E+002, 0.29375000E+001, 0.29375000E+001, 0.30250000E+001, 0.00000000E+000, 0.00000000E+000, 0.80658324E+003, 0.79581888E+003, 0.79670741E+003, 0.12065123E+004, 0.00000000E+000, 0.79572436E+003, 0.00000000E+000, 0.80898338E+003, 0.79532047E+003, 0.78222626E-003, 0.78222626E-003, 0.80568238E+003, 0.62774459E+003,
 0.29000000E+002, 0.29375000E+001, 0.29375000E+001, 0.30250000E+001, 0.00000000E+000, 0.00000000E+000, 0.80659162E+003, 0.79582406E+003, 0.79671135E+003, 0.12065216E+004, 0.00000000E+000, 0.79572968E+003, 0.00000000E+000, 0.80900423E+003, 0.79532630E+003, 0.78004340E-003, 0.78004340E-003, 0.80568240E+003, 0.62773862E+003,
 0.29100000E+002, 0.29375000E+001, 0.29375000E+001, 0.30250000E+001, 0.00000000E+000, 0.00000000E+000, 0.80660002E+003, 0.79582924E+003, 0.79671528E+003, 0.12065309E+004, 0.00000000E+000, 0.79573499E+003, 0.00000000E+000, 0.80902503E+003, 0.79533212E+003, 0.77787265E-003, 0.77787265E-003, 0.80568242E+003, 0.62773261E+003,
 0.29200000E+002, 0.29375000E+001, 0.29375000E+001, 0.30250000E+001, 0.00000000E+000, 0.00000000E+000, 0.80660843E+003, 0.79583441E+003, 0.79671920E+003, 0.12065403E+004, 0.00000000E+000, 0.79574030E+003, 0.00000000E+000, 0.80904579E+003, 0.79533794E+003, 0.77571402E-003, 0.77571402E-003, 0.80568245E+003, 0.62772655E+003,
 0.29300000E+002, 0.29375000E+001, 0.29375000E+001, 0.30250000E+001, 0.00000000E+000, 0.00000000E+000, 0.80661686E+003, 0.79583957E+003, 0.79672310E+003, 0.12065496E+004, 0.00000000E+000, 0.79574560E+003, 0.00000000E+000, 0.80906651E+003, 0.79534376E+003, 0.77356730E-003, 0.77356730E-003, 0.80568248E+003, 0.62772046E+003,
 0.29400000E+002, 0.29375000E+001, 0.29375000E+001, 0.30250000E+001, 0.00000000E+000, 0.00000000E+000, 0.80662531E+003, 0.79584472E+003, 0.79672700E+003, 0.12065590E+004, 0.00000000E+000, 0.79575089E+003, 0.00000000E+000, 0.80908719E+003, 0.79534958E+003, 0.77143231E-003, 0.77143231E-003, 0.80568250E+003, 0.62771432E+003,
 0.29500000E+002, 0.29375000E+001, 0.29375000E+001, 0.30250000E+001, 0.00000000E+000, 0.00000000E+000, 0.80663378E+003, 0.79584987E+003, 0.79673089E+003, 0.12065684E+004, 0.00000000E+000, 0.79575618E+003, 0.00000000E+000, 0.80910782E+003, 0.79535539E+003, 0.76930884E-003, 0.76930884E-003, 0.80568252E+003, 0.62770814E+003,
 0.29600000E+002, 0.29375000E+001, 0.29375000E+001, 0.30250000E+001, 0.00000000E+000, 0.00000000E+000, 0.80664226E+003, 0.79585500E+003, 0.79673476E+003, 0.12065778E+004, 0.00000000E+000, 0.79576145E+003, 0.00000000E+000, 0.80912841E+003, 0.79536119E+003, 0.76719707E-003, 0.76719707E-003, 0.80568255E+003, 0.62770192E+003,
 0.29700000E+002, 0.29375000E+001, 0.29375000E+001, 0.30250000E+001, 0.00000000E+000, 0.00000000E+000, 0.80665075E+003, 0.79586013E+003, 0.79673862E+003, 0.12065872E+004, 0.00000000E+000, 0.79576673E+003, 0.00000000E+000, 0.80914895E+003, 0.79536699E+003, 0.76509686E-003, 0.76509686E-003, 0.80568257E+003, 0.62769566E+003,
 0.29800000E+002, 0.29375000E+001, 0.29375000E+001, 0.30250000E+001, 0.00000000E+000, 0.00000000E+000, 0.80665926E+003, 0.79586525E+003, 0.79674247E+003, 0.12065966E+004, 0.00000000E+000, 0.79577199E+003, 0.00000000E+000, 0.80916945E+003, 0.79537279E+003, 0.76300801E-003, 0.76300801E-003, 0.80568259E+003, 0.62768936E+003,
 0.29900000E+002, 0.29375000E+001, 0.29375000E+001, 0.30250000E+001, 0.00000000E+000, 0.00000000E+000, 0.80666779E+003, 0.79587037E+003, 0.79674630E+003, 0.12066060E+004, 0.00000000E+000, 0.79577724E+003, 0.00000000E+000, 0.80918990E+003, 0.79537858E+003, 0.76093057E-003, 0.76093057E-003, 0.80568262E+003, 0.62768302E+003,
 0.30000000E+002, 0.29375000E+001, 0.29375000E+001, 0.30250000E+001, 0.00000000E+000, 0.00000000E+000, 0.80667633E+003, 0.79587547E+003, 0.79675013E+003, 0.12066155E+004, 0.00000000E+000, 0.79578249E+003, 0.00000000E+000, 0.80921030E+003, 0.79538437E+003, 0.75886440E-003, 0.75886440E-003, 0.80568264E+003, 0.62767664E+003,
 0.30100000E+002, 0.29375000E+001, 0.29375000E+001, 0.30250000E+001, 0.00000000E+000, 0.00000000E+000, 0.80668488E+003, 0.79588056E+003, 0.79675394E+003, 0.12066249E+004, 0.00000000E+000, 0.79578773E+003, 0.00000000E+000, 0.80923066E+003, 0.79539015E+003, 0.75680941E-003, 0.75680941E-003, 0.80568266E+003, 0.62767023E+003,
 0.30200000E+002, 0.29375000E+001, 0.29375000E+001, 0.30250000E+001, 0.00000000E+000, 0.00000000E+000, 0.80669345E+003, 0.79588565E+003, 0.79675773E+003, 0.12066343E+004, 0.00000000E+000, 0.79579295E+003, 0.00000000E+000, 0.80925097E+003, 0.79539593E+003, 0.75476552E-003, 0.75476552E-003, 0.80568268E+003, 0.62766377E+003,
 0.30300000E+002, 0.29375000E+001, 0.29375000E+001, 0.30250000E+001, 0.00000000E+000, 0.00000000E+000, 0.80670203E+003, 0.79589073E+003, 0.79676152E+003, 0.12066438E+004, 0.00000000E+000, 0.79579817E+003, 0.00000000E+000, 0.80927122E+003, 0.79540170E+003, 0.75273265E-003, 0.75273265E-003, 0.80568270E+003, 0.62765728E+003,
 0.30400000E+002, 0.29375000E+001, 0.29375000E+001, 0.30250000E+001, 0.00000000E+000, 0.00000000E+000, 0.80671062E+003, 0.79589579E+003, 0.79676529E+003, 0.12066533E+004, 0.00000000E+000, 0.79580338E+003, 0.00000000E+000, 0.80929143E+003, 0.79540747E+003, 0.75071062E-003, 0.75071062E-003, 0.80568272E+003, 0.62765075E+003,
 0.30500000E+002, 0.29375000E+001, 0.29375000E+001, 0.30250000E+001, 0.00000000E+000, 0.00000000E+000, 0.80671923E+003, 0.79590085E+003, 0.79676904E+003, 0.12066627E+004, 0.00000000E+000, 0.79580859E+003, 0.00000000E+000, 0.80931158E+003, 0.79541323E+003, 0.74869942E-003, 0.74869942E-003, 0.80568274E+003, 0.62764418E+003,
 0.30600000E+002, 0.29375000E+001, 0.29375000E+001, 0.30250000E+001, 0.00000000E+000, 0.00000000E+000, 0.80672785E+003, 0.79590589E+003, 0.79677278E+003, 0.12066722E+004, 0.00000000E+000, 0.79581378E+003, 0.00000000E+000, 0.80933169E+003, 0.79541898E+003, 0.74669898E-003, 0.74669898E-003, 0.80568276E+003, 0.62763758E+003,
 0.30700000E+002, 0.29375000E+001, 0.29375000E+001, 0.30250000E+001, 0.00000000E+000, 0.00000000E+000, 0.80673649E+003, 0.79591093E+003, 0.79677651E+003, 0.12066817E+004, 0.00000000E+000, 0.79581896E+003, 0.00000000E+000, 0.80935174E+003, 0.79542473E+003, 0.74470915E-003, 0.74470915E-003, 0.80568278E+003, 0.62763094E+003,
 0.30800000E+002, 0.29375000E+001, 0.29375000E+001, 0.30250000E+001, 0.00000000E+000, 0.00000000E+000, 0.80674513E+003, 0.79591596E+003, 0.79678023E+003, 0.12066912E+004, 0.00000000E+000, 0.79582413E+003, 0.00000000E+000, 0.80937173E+003, 0.79543047E+003, 0.74272990E-003, 0.74272990E-003, 0.80568280E+003, 0.62762427E+003,
 0.30900000E+002, 0.29375000E+001, 0.29375000E+001, 0.30250000E+001, 0.00000000E+000, 0.00000000E+000, 0.80675379E+003, 0.79592097E+003, 0.79678392E+003, 0.12067007E+004, 0.00000000E+000, 0.79582929E+003, 0.00000000E+000, 0.80939167E+003, 0.79543620E+003, 0.74076113E-003, 0.74076113E-003, 0.80568282E+003, 0.62761756E+003,
 0.31000000E+002, 0.29375000E+001, 0.29375000E+001, 0.30250000E+001, 0.00000000E+000, 0.00000000E+000, 0.80676246E+003, 0.79592598E+003, 0.79678761E+003, 0.12067102E+004, 0.00000000E+000, 0.79583444E+003, 0.00000000E+000, 0.80941156E+003, 0.79544193E+003, 0.73880274E-003, 0.73880274E-003, 0.80568284E+003, 0.62761082E+003,
 0.31100000E+002, 0.29375000E+001, 0.29375000E+001, 0.30250000E+001, 0.00000000E+000, 0.00000000E+000, 0.80677114E+003, 0.79593097E+003, 0.79679128E+003, 0.12067197E+004, 0.00000000E+000, 0.79583958E+003, 0.00000000E+000, 0.80943139E+003, 0.79544764E+003, 0.73685464E-003, 0.73685464E-003, 0.80568286E+003, 0.62760404E+003,
 0.31200000E+002, 0.29375000E+001, 0.29375000E+001, 0.30250000E+001, 0.00000000E+000, 0.00000000E+000, 0.80677983E+003, 0.79593595E+003, 0.79679493E+003, 0.12067292E+004, 0.00000000E+000, 0.79584471E+003, 0.00000000E+000, 0.80945116E+003, 0.79545336E+003, 0.73491680E-003, 0.73491680E-003, 0.80568287E+003, 0.62759723E+003,
 0.31300000E+002, 0.29375000E+001, 0.29375000E+001, 0.30250000E+001, 0.00000000E+000, 0.00000000E+000, 0.80678853E+003, 0.79594093E+003, 0.79679857E+003, 0.12067387E+004, 0.00000000E+000, 0.79584983E+003, 0.00000000E+000, 0.80947088E+003, 0.79545906E+003, 0.73298910E-003, 0.73298910E-003, 0.80568289E+003, 0.62759040E+003,
 0.31400000E+002, 0.29375000E+001, 0.29375000E+001, 0.30250000E+001, 0.00000000E+000, 0.00000000E+000, 0.80679725E+003, 0.79594589E+003, 0.79680220E+003, 0.12067482E+004, 0.00000000E+000, 0.79585494E+003, 0.00000000E+000, 0.80949053E+003, 0.79546476E+003, 0.73107151E-003, 0.73107151E-003, 0.80568291E+003, 0.62758354E+003,
 0.31500000E+002, 0.29375000E+001, 0.29375000E+001, 0.30250000E+001, 0.00000000E+000, 0.00000000E+000, 0.80680597E+003, 0.79595083E+003, 0.79680580E+003, 0.12067578E+004, 0.00000000E+000, 0.79586004E+003, 0.00000000E+000, 0.80951014E+003, 0.79547044E+003, 0.72916390E-003, 0.72916390E-003, 0.80568292E+003, 0.62757664E+003,
 0.31600000E+002, 0.29375000E+001, 0.29375000E+001, 0.30250000E+001, 0.00000000E+000, 0.00000000E+000, 0.80681470E+003, 0.79595577E+003, 0.79680940E+003, 0.12067673E+004, 0.00000000E+000, 0.79586512E+003, 0.00000000E+000, 0.80952968E+003, 0.79547612E+003, 0.72726614E-003, 0.72726614E-003, 0.80568294E+003, 0.62756971E+003,
 0.31700000E+002, 0.29375000E+001, 0.29375000E+001, 0.30250000E+001, 0.00000000E+000, 0.00000000E+000, 0.80682345E+003, 0.79596070E+003, 0.79681297E+003, 0.12067768E+004, 0.00000000E+000, 0.79587020E+003, 0.00000000E+000, 0.80954916E+003, 0.79548179E+003, 0.72537828E-003, 0.72537828E-003, 0.80568295E+003, 0.62756275E+003,
 0.31800000E+002, 0.29375000E+001, 0.29375000E+001, 0.30250000E+001, 0.00000000E+000, 0.00000000E+000, 0.80683220E+003, 0.79596561E+003, 0.79681653E+003, 0.12067864E+004, 0.00000000E+000, 0.79587526E+003, 0.00000000E+000, 0.80956859E+003, 0.79548746E+003, 0.72350015E-003, 0.72350015E-003, 0.80568296E+003, 0.62755576E+003,
 0.31900000E+002, 0.29375000E+001, 0.29375000E+001, 0.30250000E+001, 0.00000000E+000, 0.00000000E+000, 0.80684096E+003, 0.79597051E+003, 0.79682008E+003, 0.12067959E+004, 0.00000000E+000, 0.79588031E+003, 0.00000000E+000, 0.80958796E+003, 0.79549311E+003, 0.72163164E-003, 0.72163164E-003, 0.80568297E+003, 0.62754874E+003,
 0.32000000E+002, 0.29375000E+001, 0.29375000E+001, 0.30250000E+001, 0.00000000E+000, 0.00000000E+000, 0.80684973E+003, 0.79597540E+003, 0.79682361E+003, 0.12068054E+004, 0.00000000E+000, 0.79588535E+003, 0.00000000E+000, 0.80960727E+003, 0.79549875E+003, 0.71977277E-003, 0.71977277E-003, 0.80568297E+003, 0.62754168E+003,
 0.32100000E+002, 0.29375000E+001, 0.29375000E+001, 0.30250000E+001, 0.00000000E+000, 0.00000000E+000, 0.80685851E+003, 0.79598027E+003, 0.79682712E+003, 0.12068150E+004, 0.00000000E+000, 0.79589037E+003, 0.00000000E+000, 0.80962651E+003, 0.79550439E+003, 0.71792343E-003, 0.71792343E-003, 0.80568299E+003, 0.62753461E+003,
 0.32200000E+002, 0.29375000E+001, 0.29375000E+001, 0.30250000E+001, 0.00000000E+000, 0.00000000E+000, 0.80686730E+003, 0.79598514E+003, 0.79683061E+003, 0.12068245E+004, 0.00000000E+000, 0.79589539E+003, 0.00000000E+000, 0.80964569E+003, 0.79551002E+003, 0.71608361E-003, 0.71608361E-003, 0.80568300E+003, 0.62752750E+003,
 0.32300000E+002, 0.29375000E+001, 0.29375000E+001, 0.30250000E+001, 0.00000000E+000, 0.00000000E+000, 0.80687609E+003, 0.79598999E+003, 0.79683409E+003, 0.12068341E+004, 0.00000000E+000, 0.79590039E+003, 0.00000000E+000, 0.80966482E+003, 0.79551563E+003, 0.71425312E-003, 0.71425312E-003, 0.80568300E+003, 0.62752036E+003,
 0.32400000E+002, 0.29375000E+001, 0.29375000E+001, 0.30250000E+001, 0.00000000E+000, 0.00000000E+000, 0.80688489E+003, 0.79599482E+003, 0.79683756E+003, 0.12068436E+004, 0.00000000E+000, 0.79590537E+003, 0.00000000E+000, 0.80968387E+003, 0.79552124E+003, 0.71243193E-003, 0.71243193E-003, 0.80568301E+003, 0.62751319E+003,
 0.32500000E+002, 0.29375000E+001, 0.29375000E+001, 0.30250000E+001, 0.00000000E+000, 0.00000000E+000, 0.80689371E+003, 0.79599965E+003, 0.79684100E+003, 0.12068532E+004, 0.00000000E+000, 0.79591035E+003, 0.00000000E+000, 0.80970287E+003, 0.79552684E+003, 0.71061996E-003, 0.71061996E-003, 0.80568301E+003, 0.62750599E+003,
 0.32600000E+002, 0.29375000E+001, 0.29375000E+001, 0.30250000E+001, 0.00000000E+000, 0.00000000E+000, 0.80690252E+003, 0.79600446E+003, 0.79684443E+003, 0.12068628E+004, 0.00000000E+000, 0.79591531E+003, 0.00000000E+000, 0.80972180E+003, 0.79553242E+003, 0.70881720E-003, 0.70881720E-003, 0.80568302E+003, 0.62749877E+003,
 0.32700000E+002, 0.29375000E+001, 0.29375000E+001, 0.30250000E+001, 0.00000000E+000, 0.00000000E+000, 0.80691135E+003, 0.79600925E+003, 0.79684784E+003, 0.12068723E+004, 0.00000000E+000, 0.79592026E+003, 0.00000000E+000, 0.80974066E+003, 0.79553800E+003, 0.70702350E-003, 0.70702350E-003, 0.80568303E+003, 0.62749152E+003,
 0.32800000E+002, 0.29375000E+001, 0.29375000E+001, 0.30250000E+001, 0.00000000E+000, 0.00000000E+000, 0.80692018E+003, 0.79601403E+003, 0.79685123E+003, 0.12068819E+004, 0.00000000E+000, 0.79592520E+003, 0.00000000E+000, 0.80975946E+003, 0.79554357E+003, 0.70523871E-003, 0.70523871E-003, 0.80568303E+003, 0.62748425E+003,
 0.32900000E+002, 0.29375000E+001, 0.29375000E+001, 0.30250000E+001, 0.00000000E+000, 0.00000000E+000, 0.80692902E+003, 0.79601880E+003, 0.79685461E+003, 0.12068914E+004, 0.00000000E+000, 0.79593012E+003, 0.00000000E+000, 0.80977819E+003, 0.79554912E+003, 0.70346306E-003, 0.70346306E-003, 0.80568304E+003, 0.62747695E+003,
 0.33000000E+002, 0.29375000E+001, 0.29375000E+001, 0.30250000E+001, 0.00000000E+000, 0.00000000E+000, 0.80693786E+003, 0.79602356E+003, 0.79685796E+003, 0.12069010E+004, 0.00000000E+000, 0.79593503E+003, 0.00000000E+000, 0.80979686E+003, 0.79555467E+003, 0.70169625E-003, 0.70169625E-003, 0.80568304E+003, 0.62746961E+003,
 0.33100000E+002, 0.29375000E+001, 0.29375000E+001, 0.30250000E+001, 0.00000000E+000, 0.00000000E+000, 0.80694671E+003, 0.79602830E+003, 0.79686130E+003, 0.12069106E+004, 0.00000000E+000, 0.79593992E+003, 0.00000000E+000, 0.80981546E+003, 0.79556020E+003, 0.69993827E-003, 0.69993827E-003, 0.80568305E+003, 0.62746226E+003,
 0.33200000E+002, 0.29375000E+001, 0.29375000E+001, 0.30250000E+001, 0.00000000E+000, 0.00000000E+000, 0.80695557E+003, 0.79603303E+003, 0.79686463E+003, 0.12069201E+004, 0.00000000E+000, 0.79594480E+003, 0.00000000E+000, 0.80983400E+003, 0.79556572E+003, 0.69818911E-003, 0.69818911E-003, 0.80568305E+003, 0.62745487E+003,
 0.33300000E+002, 0.29375000E+001, 0.29375000E+001, 0.30250000E+001, 0.00000000E+000, 0.00000000E+000, 0.80696443E+003, 0.79603774E+003, 0.79686793E+003, 0.12069297E+004, 0.00000000E+000, 0.79594967E+003, 0.00000000E+000, 0.80985247E+003, 0.79557124E+003, 0.69644860E-003, 0.69644860E-003, 0.80568305E+003, 0.62744746E+003,
 0.33400000E+002, 0.29375000E+001, 0.29375000E+001, 0.30250000E+001, 0.00000000E+000, 0.00000000E+000, 0.80697330E+003, 0.79604244E+003, 0.79687122E+003, 0.12069392E+004, 0.00000000E+000, 0.79595452E+003, 0.00000000E+000, 0.80987087E+003, 0.79557674E+003, 0.69471676E-003, 0.69471676E-003, 0.80568305E+003, 0.62744002E+003,
 0.33500000E+002, 0.29375000E+001, 0.29375000E+001, 0.30250000E+001, 0.00000000E+000, 0.00000000E+000, 0.80698217E+003, 0.79604712E+003, 0.79687449E+003, 0.12069488E+004, 0.00000000E+000, 0.79595936E+003, 0.00000000E+000, 0.80988920E+003, 0.79558223E+003, 0.69299350E-003, 0.69299350E-003, 0.80568306E+003, 0.62743256E+003,
 0.33600000E+002, 0.29375000E+001, 0.29375000E+001, 0.30250000E+001, 0.00000000E+000, 0.00000000E+000, 0.80699104E+003, 0.79605179E+003, 0.79687774E+003, 0.12069583E+004, 0.00000000E+000, 0.79596419E+003, 0.00000000E+000, 0.80990746E+003, 0.79558770E+003, 0.69127875E-003, 0.69127875E-003, 0.80568306E+003, 0.62742507E+003,
 0.33700000E+002, 0.29375000E+001, 0.29375000E+001, 0.30250000E+001, 0.00000000E+000, 0.00000000E+000, 0.80699993E+003, 0.79605644E+003, 0.79688097E+003, 0.12069679E+004, 0.00000000E+000, 0.79596900E+003, 0.00000000E+000, 0.80992565E+003, 0.79559317E+003, 0.68957244E-003, 0.68957244E-003, 0.80568306E+003, 0.62741755E+003,
 0.33800000E+002, 0.29375000E+001, 0.29375000E+001, 0.30250000E+001, 0.00000000E+000, 0.00000000E+000, 0.80700881E+003, 0.79606108E+003, 0.79688419E+003, 0.12069775E+004, 0.00000000E+000, 0.79597379E+003, 0.00000000E+000, 0.80994377E+003, 0.79559862E+003, 0.68787455E-003, 0.68787455E-003, 0.80568307E+003, 0.62741002E+003,
 0.33900000E+002, 0.29375000E+001, 0.29375000E+001, 0.30250000E+001, 0.00000000E+000, 0.00000000E+000, 0.80701770E+003, 0.79606571E+003, 0.79688738E+003, 0.12069870E+004, 0.00000000E+000, 0.79597857E+003, 0.00000000E+000, 0.80996182E+003, 0.79560406E+003, 0.68618494E-003, 0.68618494E-003, 0.80568307E+003, 0.62740246E+003,
 0.34000000E+002, 0.29375000E+001, 0.29375000E+001, 0.30250000E+001, 0.00000000E+000, 0.00000000E+000, 0.80702659E+003, 0.79607032E+003, 0.79689056E+003, 0.12069966E+004, 0.00000000E+000, 0.79598334E+003, 0.00000000E+000, 0.80997979E+003, 0.79560949E+003, 0.68450365E-003, 0.68450365E-003, 0.80568307E+003, 0.62739487E+003,
 0.34100000E+002, 0.29375000E+001, 0.29375000E+001, 0.30250000E+001, 0.00000000E+000, 0.00000000E+000, 0.80703549E+003, 0.79607491E+003, 0.79689372E+003, 0.12070061E+004, 0.00000000E+000, 0.79598809E+003, 0.00000000E+000, 0.80999770E+003, 0.79561491E+003, 0.68283050E-003, 0.68283050E-003, 0.80568307E+003, 0.62738727E+003,
 0.34200000E+002, 0.29375000E+001, 0.29375000E+001, 0.30250000E+001, 0.00000000E+000, 0.00000000E+000, 0.80704439E+003, 0.79607949E+003, 0.79689686E+003, 0.12070157E+004, 0.00000000E+000, 0.79599282E+003, 0.00000000E+000, 0.81001553E+003, 0.79562031E+003, 0.68116557E-003, 0.68116557E-003, 0.80568308E+003, 0.62737963E+003,
 0.34300000E+002, 0.29375000E+001, 0.29375000E+001, 0.30250000E+001, 0.00000000E+000, 0.00000000E+000, 0.80705329E+003, 0.79608405E+003, 0.79689998E+003, 0.12070252E+004, 0.00000000E+000, 0.79599754E+003, 0.00000000E+000, 0.81003330E+003, 0.79562570E+003, 0.67950866E-003, 0.67950866E-003, 0.80568308E+003, 0.62737198E+003,
 0.34400000E+002, 0.29375000E+001, 0.29375000E+001, 0.30250000E+001, 0.00000000E+000, 0.00000000E+000, 0.80706219E+003, 0.79608860E+003, 0.79690309E+003, 0.12070348E+004, 0.00000000E+000, 0.79600225E+003, 0.00000000E+000, 0.81005098E+003, 0.79563108E+003, 0.67785984E-003, 0.67785984E-003, 0.80568308E+003, 0.62736431E+003,
 0.34500000E+002, 0.29375000E+001, 0.29375000E+001, 0.30250000E+001, 0.00000000E+000, 0.00000000E+000, 0.80707110E+003, 0.79609313E+003, 0.79690617E+003, 0.12070443E+004, 0.00000000E+000, 0.79600694E+003, 0.00000000E+000, 0.81006860E+003, 0.79563644E+003, 0.67621892E-003, 0.67621892E-003, 0.80568308E+003, 0.62735661E+003,
 0.34600000E+002, 0.29375000E+001, 0.29375000E+001, 0.30250000E+001, 0.00000000E+000, 0.00000000E+000, 0.80708001E+003, 0.79609765E+003, 0.79690924E+003, 0.12070538E+004, 0.00000000E+000, 0.79601161E+003, 0.00000000E+000, 0.81008614E+003, 0.79564180E+003, 0.67458598E-003, 0.67458598E-003, 0.80568308E+003, 0.62734889E+003,
 0.34700000E+002, 0.29375000E+001, 0.29375000E+001, 0.30250000E+001, 0.00000000E+000, 0.00000000E+000, 0.80708892E+003, 0.79610215E+003, 0.79691228E+003, 0.12070634E+004, 0.00000000E+000, 0.79601627E+003, 0.00000000E+000, 0.81010361E+003, 0.79564713E+003, 0.67296082E-003, 0.67296082E-003, 0.80568308E+003, 0.62734115E+003,
 0.34800000E+002, 0.29375000E+001, 0.29375000E+001, 0.30250000E+001, 0.00000000E+000, 0.00000000E+000, 0.80709784E+003, 0.79610663E+003, 0.79691531E+003, 0.12070729E+004, 0.00000000E+000, 0.79602091E+003, 0.00000000E+000, 0.81012101E+003, 0.79565246E+003, 0.67134353E-003, 0.67134353E-003, 0.80568307E+003, 0.62733339E+003,
 0.34900000E+002, 0.29375000E+001, 0.29375000E+001, 0.30250000E+001, 0.00000000E+000, 0.00000000E+000, 0.80710675E+003, 0.79611110E+003, 0.79691832E+003, 0.12070825E+004, 0.00000000E+000, 0.79602554E+003, 0.00000000E+000, 0.81013833E+003, 0.79565777E+003, 0.66973392E-003, 0.66973392E-003, 0.80568307E+003, 0.62732560E+003,
 0.35000000E+002, 0.29375000E+001, 0.29375000E+001, 0.30250000E+001, 0.00000000E+000, 0.00000000E+000, 0.80711567E+003, 0.79611555E+003, 0.79692131E+003, 0.12070920E+004, 0.00000000E+000, 0.79603015E+003, 0.00000000E+000, 0.81015558E+003, 0.79566307E+003, 0.66813205E-003, 0.66813205E-003, 0.80568307E+003, 0.62731780E+003,
 0.35100000E+002, 0.29375000E+001, 0.29375000E+001, 0.30250000E+001, 0.00000000E+000, 0.00000000E+000, 0.80712458E+003, 0.79611999E+003, 0.79692428E+003, 0.12071015E+004, 0.00000000E+000, 0.79603475E+003, 0.00000000E+000, 0.81017275E+003, 0.79566835E+003, 0.66653775E-003, 0.66653775E-003, 0.80568307E+003, 0.62730997E+003,
 0.35200000E+002, 0.29375000E+001, 0.29375000E+001, 0.30250000E+001, 0.00000000E+000, 0.00000000E+000, 0.80713350E+003, 0.79612441E+003, 0.79692724E+003, 0.12071110E+004, 0.00000000E+000, 0.79603933E+003, 0.00000000E+000, 0.81018984E+003, 0.79567362E+003, 0.66495108E-003, 0.66495108E-003, 0.80568306E+003, 0.62730213E+003,
 0.35300000E+002, 0.29375000E+001, 0.29375000E+001, 0.30250000E+001, 0.00000000E+000, 0.00000000E+000, 0.80714242E+003, 0.79612881E+003, 0.79693017E+003, 0.12071206E+004, 0.00000000E+000, 0.79604389E+003, 0.00000000E+000, 0.81020686E+003, 0.79567888E+003, 0.66337189E-003, 0.66337189E-003, 0.80568306E+003, 0.62729426E+003,
 0.35400000E+002, 0.29375000E+001, 0.29375000E+001, 0.30250000E+001, 0.00000000E+000, 0.00000000E+000, 0.80715134E+003, 0.79613320E+003, 0.79693309E+003, 0.12071301E+004, 0.00000000E+000, 0.79604843E+003, 0.00000000E+000, 0.81022381E+003, 0.79568412E+003, 0.66180021E-003, 0.66180021E-003, 0.80568305E+003, 0.62728637E+003,
 0.35500000E+002, 0.29375000E+001, 0.29375000E+001, 0.30250000E+001, 0.00000000E+000, 0.00000000E+000, 0.80716026E+003, 0.79613757E+003, 0.79693598E+003, 0.12071396E+004, 0.00000000E+000, 0.79605297E+003, 0.00000000E+000, 0.81024068E+003, 0.79568935E+003, 0.66023591E-003, 0.66023591E-003, 0.80568304E+003, 0.62727847E+003,
 0.35600000E+002, 0.29375000E+001, 0.29375000E+001, 0.30250000E+001, 0.00000000E+000, 0.00000000E+000, 0.80716918E+003, 0.79614192E+003, 0.79693886E+003, 0.12071491E+004, 0.00000000E+000, 0.79605748E+003, 0.00000000E+000, 0.81025747E+003, 0.79569456E+003, 0.65867895E-003, 0.65867895E-003, 0.80568304E+003, 0.62727054E+003,
 0.35700000E+002, 0.29375000E+001, 0.29375000E+001, 0.30250000E+001, 0.00000000E+000, 0.00000000E+000, 0.80717810E+003, 0.79614626E+003, 0.79694172E+003, 0.12071586E+004, 0.00000000E+000, 0.79606198E+003, 0.00000000E+000, 0.81027419E+003, 0.79569976E+003, 0.65712938E-003, 0.65712938E-003, 0.80568303E+003, 0.62726259E+003,
 0.35800000E+002, 0.29375000E+001, 0.29375000E+001, 0.30250000E+001, 0.00000000E+000, 0.00000000E+000, 0.80718702E+003, 0.79615058E+003, 0.79694455E+003, 0.12071681E+004, 0.00000000E+000, 0.79606646E+003, 0.00000000E+000, 0.81029083E+003, 0.79570495E+003, 0.65558699E-003, 0.65558699E-003, 0.80568302E+003, 0.62725462E+003,
 0.35900000E+002, 0.29375000E+001, 0.29375000E+001, 0.30250000E+001, 0.00000000E+000, 0.00000000E+000, 0.80719593E+003, 0.79615488E+003, 0.79694737E+003, 0.12071776E+004, 0.00000000E+000, 0.79607092E+003, 0.00000000E+000, 0.81030739E+003, 0.79571011E+003, 0.65405188E-003, 0.65405188E-003, 0.80568301E+003, 0.62724663E+003,
 0.36000000E+002, 0.29375000E+001, 0.29375000E+001, 0.30250000E+001, 0.00000000E+000, 0.00000000E+000, 0.80720485E+003, 0.79615917E+003, 0.79695017E+003, 0.12071871E+004, 0.00000000E+000, 0.79607537E+003, 0.00000000E+000, 0.81032387E+003, 0.79571527E+003, 0.65252386E-003, 0.65252386E-003, 0.80568301E+003, 0.62723864E+003,
 0.36100000E+002, 0.29375000E+001, 0.29375000E+001, 0.30250000E+001, 0.00000000E+000, 0.00000000E+000, 0.80721377E+003, 0.79616344E+003, 0.79695296E+003, 0.12071966E+004, 0.00000000E+000, 0.79607980E+003, 0.00000000E+000, 0.81034028E+003, 0.79572041E+003, 0.65100301E-003, 0.65100301E-003, 0.80568301E+003, 0.62723062E+003,
 0.36200000E+002, 0.29375000E+001, 0.29375000E+001, 0.30250000E+001, 0.00000000E+000, 0.00000000E+000, 0.80722268E+003, 0.79616769E+003, 0.79695572E+003, 0.12072061E+004, 0.00000000E+000, 0.79608422E+003, 0.00000000E+000, 0.81035660E+003, 0.79572553E+003, 0.64948917E-003, 0.64948917E-003, 0.80568300E+003, 0.62722258E+003,
 0.36300000E+002, 0.29375000E+001, 0.29375000E+001, 0.30250000E+001, 0.00000000E+000, 0.00000000E+000, 0.80723159E+003, 0.79617193E+003, 0.79695846E+003, 0.12072156E+004, 0.00000000E+000, 0.79608861E+003, 0.00000000E+000, 0.81037285E+003, 0.79573064E+003, 0.64798237E-003, 0.64798237E-003, 0.80568299E+003, 0.62721453E+003,
 0.36400000E+002, 0.29375000E+001, 0.29375000E+001, 0.30250000E+001, 0.00000000E+000, 0.00000000E+000, 0.80724050E+003, 0.79617615E+003, 0.79696118E+003, 0.12072251E+004, 0.00000000E+000, 0.79609299E+003, 0.00000000E+000, 0.81038902E+003, 0.79573574E+003, 0.64648251E-003, 0.64648251E-003, 0.80568299E+003, 0.62720646E+003,
 0.36500000E+002, 0.29375000E+001, 0.29375000E+001, 0.30250000E+001, 0.00000000E+000, 0.00000000E+000, 0.80724941E+003, 0.79618035E+003, 0.79696389E+003, 0.12072346E+004, 0.00000000E+000, 0.79609736E+003, 0.00000000E+000, 0.81040511E+003, 0.79574082E+003, 0.64498953E-003, 0.64498953E-003, 0.80568297E+003, 0.62719837E+003,
 0.36600000E+002, 0.29375000E+001, 0.29375000E+001, 0.30250000E+001, 0.00000000E+000, 0.00000000E+000, 0.80725832E+003, 0.79618453E+003, 0.79696658E+003, 0.12072440E+004, 0.00000000E+000, 0.79610170E+003, 0.00000000E+000, 0.81042113E+003, 0.79574588E+003, 0.64350350E-003, 0.64350350E-003, 0.80568296E+003, 0.62719027E+003,
 0.36700000E+002, 0.29375000E+001, 0.29375000E+001, 0.30250000E+001, 0.00000000E+000, 0.00000000E+000, 0.80726723E+003, 0.79618870E+003, 0.79696924E+003, 0.12072535E+004, 0.00000000E+000, 0.79610603E+003, 0.00000000E+000, 0.81043706E+003, 0.79575093E+003, 0.64202421E-003, 0.64202421E-003, 0.80568295E+003, 0.62718215E+003,
 0.36800000E+002, 0.29375000E+001, 0.29375000E+001, 0.30250000E+001, 0.00000000E+000, 0.00000000E+000, 0.80727613E+003, 0.79619285E+003, 0.79697189E+003, 0.12072629E+004, 0.00000000E+000, 0.79611035E+003, 0.00000000E+000, 0.81045291E+003, 0.79575596E+003, 0.64055175E-003, 0.64055175E-003, 0.80568294E+003, 0.62717402E+003,
 0.36900000E+002, 0.29375000E+001, 0.29375000E+001, 0.30250000E+001, 0.00000000E+000, 0.00000000E+000, 0.80728503E+003, 0.79619699E+003, 0.79697452E+003, 0.12072724E+004, 0.00000000E+000, 0.79611464E+003, 0.00000000E+000, 0.81046869E+003, 0.79576097E+003, 0.63908598E-003, 0.63908598E-003, 0.80568293E+003, 0.62716587E+003,
 0.37000000E+002, 0.29375000E+001, 0.29375000E+001, 0.30250000E+001, 0.00000000E+000, 0.00000000E+000, 0.80729392E+003, 0.79620110E+003, 0.79697713E+003, 0.12072818E+004, 0.00000000E+000, 0.79611892E+003, 0.00000000E+000, 0.81048439E+003, 0.79576598E+003, 0.63762687E-003, 0.63762687E-003, 0.80568292E+003, 0.62715770E+003,
 0.37100000E+002, 0.29375000E+001, 0.29375000E+001, 0.30250000E+001, 0.00000000E+000, 0.00000000E+000, 0.80730282E+003, 0.79620520E+003, 0.79697972E+003, 0.12072913E+004, 0.00000000E+000, 0.79612318E+003, 0.00000000E+000, 0.81050000E+003, 0.79577096E+003, 0.63617448E-003, 0.63617448E-003, 0.80568290E+003, 0.62714952E+003,
 0.37200000E+002, 0.29375000E+001, 0.29375000E+001, 0.30250000E+001, 0.00000000E+000, 0.00000000E+000, 0.80731170E+003, 0.79620928E+003, 0.79698229E+003, 0.12073007E+004, 0.00000000E+000, 0.79612742E+003, 0.00000000E+000, 0.81051554E+003, 0.79577593E+003, 0.63472858E-003, 0.63472858E-003, 0.80568289E+003, 0.62714132E+003,
 0.37300000E+002, 0.29375000E+001, 0.29375000E+001, 0.30250000E+001, 0.00000000E+000, 0.00000000E+000, 0.80732059E+003, 0.79621334E+003, 0.79698484E+003, 0.12073102E+004, 0.00000000E+000, 0.79613165E+003, 0.00000000E+000, 0.81053100E+003, 0.79578088E+003, 0.63328930E-003, 0.63328930E-003, 0.80568288E+003, 0.62713311E+003,
 0.37400000E+002, 0.29375000E+001, 0.29375000E+001, 0.30250000E+001, 0.00000000E+000, 0.00000000E+000, 0.80732947E+003, 0.79621739E+003, 0.79698738E+003, 0.12073196E+004, 0.00000000E+000, 0.79613586E+003, 0.00000000E+000, 0.81054638E+003, 0.79578582E+003, 0.63185646E-003, 0.63185646E-003, 0.80568286E+003, 0.62712489E+003,
 0.37500000E+002, 0.29375000E+001, 0.29375000E+001, 0.30250000E+001, 0.00000000E+000, 0.00000000E+000, 0.80733835E+003, 0.79622142E+003, 0.79698989E+003, 0.12073290E+004, 0.00000000E+000, 0.79614005E+003, 0.00000000E+000, 0.81056168E+003, 0.79579074E+003, 0.63043007E-003, 0.63043007E-003, 0.80568284E+003, 0.62711664E+003,
 0.37600000E+002, 0.29375000E+001, 0.29375000E+001, 0.30250000E+001, 0.00000000E+000, 0.00000000E+000, 0.80734723E+003, 0.79622543E+003, 0.79699239E+003, 0.12073384E+004, 0.00000000E+000, 0.79614422E+003, 0.00000000E+000, 0.81057690E+003, 0.79579564E+003, 0.62901017E-003, 0.62901017E-003, 0.80568283E+003, 0.62710839E+003,
 0.37700000E+002, 0.29375000E+001, 0.29375000E+001, 0.30250000E+001, 0.00000000E+000, 0.00000000E+000, 0.80735610E+003, 0.79622942E+003, 0.79699487E+003, 0.12073478E+004, 0.00000000E+000, 0.79614838E+003, 0.00000000E+000, 0.81059204E+003, 0.79580053E+003, 0.62759655E-003, 0.62759655E-003, 0.80568281E+003, 0.62710011E+003,
 0.37800000E+002, 0.29375000E+001, 0.29375000E+001, 0.30250000E+001, 0.00000000E+000, 0.00000000E+000, 0.80736496E+003, 0.79623340E+003, 0.79699733E+003, 0.12073572E+004, 0.00000000E+000, 0.79615252E+003, 0.00000000E+000, 0.81060711E+003, 0.79580540E+003, 0.62618932E-003, 0.62618932E-003, 0.80568279E+003, 0.62709183E+003,
 0.37900000E+002, 0.29375000E+001, 0.29375000E+001, 0.30250000E+001, 0.00000000E+000, 0.00000000E+000, 0.80737382E+003, 0.79623736E+003, 0.79699977E+003, 0.12073666E+004, 0.00000000E+000, 0.79615664E+003, 0.00000000E+000, 0.81062209E+003, 0.79581026E+003, 0.62478834E-003, 0.62478834E-003, 0.80568278E+003, 0.62708353E+003,
 0.38000000E+002, 0.29375000E+001, 0.29375000E+001, 0.30250000E+001, 0.00000000E+000, 0.00000000E+000, 0.80738268E+003, 0.79624130E+003, 0.79700219E+003, 0.12073760E+004, 0.00000000E+000, 0.79616074E+003, 0.00000000E+000, 0.81063699E+003, 0.79581509E+003, 0.62339358E-003, 0.62339358E-003, 0.80568275E+003, 0.62707521E+003,
 0.38100000E+002, 0.29375000E+001, 0.29375000E+001, 0.30250000E+001, 0.00000000E+000, 0.00000000E+000, 0.80739153E+003, 0.79624522E+003, 0.79700459E+003, 0.12073854E+004, 0.00000000E+000, 0.79616483E+003, 0.00000000E+000, 0.81065181E+003, 0.79581992E+003, 0.62200509E-003, 0.62200509E-003, 0.80568274E+003, 0.62706688E+003,
 0.38200000E+002, 0.29375000E+001, 0.29375000E+001, 0.30250000E+001, 0.00000000E+000, 0.00000000E+000, 0.80740037E+003, 0.79624913E+003, 0.79700697E+003, 0.12073947E+004, 0.00000000E+000, 0.79616890E+003, 0.00000000E+000, 0.81066655E+003, 0.79582472E+003, 0.62062269E-003, 0.62062269E-003, 0.80568272E+003, 0.62705853E+003,
 0.38300000E+002, 0.29375000E+001, 0.29375000E+001, 0.30250000E+001, 0.00000000E+000, 0.00000000E+000, 0.80740921E+003, 0.79625301E+003, 0.79700934E+003, 0.12074041E+004, 0.00000000E+000, 0.79617295E+003, 0.00000000E+000, 0.81068121E+003, 0.79582951E+003, 0.61924640E-003, 0.61924640E-003, 0.80568270E+003, 0.62705017E+003,
 0.38400000E+002, 0.29375000E+001, 0.29375000E+001, 0.30250000E+001, 0.00000000E+000, 0.00000000E+000, 0.80741805E+003, 0.79625688E+003, 0.79701169E+003, 0.12074135E+004, 0.00000000E+000, 0.79617698E+003, 0.00000000E+000, 0.81069579E+003, 0.79583428E+003, 0.61787627E-003, 0.61787627E-003, 0.80568268E+003, 0.62704180E+003,
 0.38500000E+002, 0.29375000E+001, 0.29375000E+001, 0.30250000E+001, 0.00000000E+000, 0.00000000E+000, 0.80742687E+003, 0.79626074E+003, 0.79701401E+003, 0.12074228E+004, 0.00000000E+000, 0.79618100E+003, 0.00000000E+000, 0.81071029E+003, 0.79583903E+003, 0.61651211E-003, 0.61651211E-003, 0.80568266E+003, 0.62703342E+003,
 0.38600000E+002, 0.29375000E+001, 0.29375000E+001, 0.30250000E+001, 0.00000000E+000, 0.00000000E+000, 0.80743570E+003, 0.79626457E+003, 0.79701632E+003, 0.12074321E+004, 0.00000000E+000, 0.79618499E+003, 0.00000000E+000, 0.81072471E+003, 0.79584377E+003, 0.61515393E-003, 0.61515393E-003, 0.80568264E+003, 0.62702502E+003,
 0.38700000E+002, 0.29375000E+001, 0.29375000E+001, 0.30250000E+001, 0.00000000E+000, 0.00000000E+000, 0.80744451E+003, 0.79626839E+003, 0.79701862E+003, 0.12074415E+004, 0.00000000E+000, 0.79618897E+003, 0.00000000E+000, 0.81073905E+003, 0.79584849E+003, 0.61380181E-003, 0.61380181E-003, 0.80568262E+003, 0.62701661E+003,
 0.38800000E+002, 0.29375000E+001, 0.29375000E+001, 0.30250000E+001, 0.00000000E+000, 0.00000000E+000, 0.80745332E+003, 0.79627219E+003, 0.79702089E+003, 0.12074508E+004, 0.00000000E+000, 0.79619294E+003, 0.00000000E+000, 0.81075330E+003, 0.79585320E+003, 0.61245551E-003, 0.61245551E-003, 0.80568261E+003, 0.62700819E+003,
 0.38900000E+002, 0.29375000E+001, 0.29375000E+001, 0.30250000E+001, 0.00000000E+000, 0.00000000E+000, 0.80746213E+003, 0.79627597E+003, 0.79702314E+003, 0.12074601E+004, 0.00000000E+000, 0.79619688E+003, 0.00000000E+000, 0.81076748E+003, 0.79585788E+003, 0.61111510E-003, 0.61111510E-003, 0.80568259E+003, 0.62699976E+003,
 0.39000000E+002, 0.29375000E+001, 0.29375000E+001, 0.30250000E+001, 0.00000000E+000, 0.00000000E+000, 0.80747092E+003, 0.79627973E+003, 0.79702538E+003, 0.12074694E+004, 0.00000000E+000, 0.79620081E+003, 0.00000000E+000, 0.81078157E+003, 0.79586255E+003, 0.60978062E-003, 0.60978062E-003, 0.80568257E+003, 0.62699131E+003,
 0.39100000E+002, 0.29375000E+001, 0.29375000E+001, 0.30250000E+001, 0.00000000E+000, 0.00000000E+000, 0.80747971E+003, 0.79628348E+003, 0.79702760E+003, 0.12074787E+004, 0.00000000E+000, 0.79620472E+003, 0.00000000E+000, 0.81079559E+003, 0.79586720E+003, 0.60845185E-003, 0.60845185E-003, 0.80568255E+003, 0.62698286E+003,
 0.39200000E+002, 0.29375000E+001, 0.29375000E+001, 0.30250000E+001, 0.00000000E+000, 0.00000000E+000, 0.80748850E+003, 0.79628720E+003, 0.79702980E+003, 0.12074880E+004, 0.00000000E+000, 0.79620861E+003, 0.00000000E+000, 0.81080952E+003, 0.79587184E+003, 0.60712886E-003, 0.60712886E-003, 0.80568253E+003, 0.62697439E+003,
 0.39300000E+002, 0.29375000E+001, 0.29375000E+001, 0.30250000E+001, 0.00000000E+000, 0.00000000E+000, 0.80749727E+003, 0.79629092E+003, 0.79703198E+003, 0.12074973E+004, 0.00000000E+000, 0.79621248E+003, 0.00000000E+000, 0.81082338E+003, 0.79587646E+003, 0.60581168E-003, 0.60581168E-003, 0.80568250E+003, 0.62696591E+003,
 0.39400000E+002, 0.29375000E+001, 0.29375000E+001, 0.30250000E+001, 0.00000000E+000, 0.00000000E+000, 0.80750604E+003, 0.79629461E+003, 0.79703415E+003, 0.12075066E+004, 0.00000000E+000, 0.79621634E+003, 0.00000000E+000, 0.81083715E+003, 0.79588106E+003, 0.60450010E-003, 0.60450010E-003, 0.80568248E+003, 0.62695742E+003,
 0.39500000E+002, 0.29375000E+001, 0.29375000E+001, 0.30250000E+001, 0.00000000E+000, 0.00000000E+000, 0.80751480E+003, 0.79629828E+003, 0.79703629E+003, 0.12075158E+004, 0.00000000E+000, 0.79622017E+003, 0.00000000E+000, 0.81085084E+003, 0.79588564E+003, 0.60319419E-003, 0.60319419E-003, 0.80568246E+003, 0.62694892E+003,
 0.39600000E+002, 0.29375000E+001, 0.29375000E+001, 0.30250000E+001, 0.00000000E+000, 0.00000000E+000, 0.80752356E+003, 0.79630194E+003, 0.79703842E+003, 0.12075251E+004, 0.00000000E+000, 0.79622399E+003, 0.00000000E+000, 0.81086446E+003, 0.79589020E+003, 0.60189400E-003, 0.60189400E-003, 0.80568243E+003, 0.62694041E+003,
 0.39700000E+002, 0.29375000E+001, 0.29375000E+001, 0.30250000E+001, 0.00000000E+000, 0.00000000E+000, 0.80753230E+003, 0.79630558E+003, 0.79704053E+003, 0.12075343E+004, 0.00000000E+000, 0.79622779E+003, 0.00000000E+000, 0.81087799E+003, 0.79589475E+003, 0.60059929E-003, 0.60059929E-003, 0.80568241E+003, 0.62693189E+003,
 0.39800000E+002, 0.29375000E+001, 0.29375000E+001, 0.30250000E+001, 0.00000000E+000, 0.00000000E+000, 0.80754104E+003, 0.79630920E+003, 0.79704263E+003, 0.12075435E+004, 0.00000000E+000, 0.79623158E+003, 0.00000000E+000, 0.81089145E+003, 0.79589928E+003, 0.59931014E-003, 0.59931014E-003, 0.80568239E+003, 0.62692336E+003,
 0.39900000E+002, 0.29375000E+001, 0.29375000E+001, 0.30250000E+001, 0.00000000E+000, 0.00000000E+000, 0.80754977E+003, 0.79631280E+003, 0.79704470E+003, 0.12075528E+004, 0.00000000E+000, 0.79623535E+003, 0.00000000E+000, 0.81090482E+003, 0.79590380E+003, 0.59802658E-003, 0.59802658E-003, 0.80568236E+003, 0.62691481E+003,
 0.40000000E+002, 0.29375000E+001, 0.29375000E+001, 0.30250000E+001, 0.00000000E+000, 0.00000000E+000, 0.80755849E+003, 0.79631639E+003, 0.79704676E+003, 0.12075620E+004, 0.00000000E+000, 0.79623909E+003, 0.00000000E+000, 0.81091812E+003, 0.79590829E+003, 0.59674843E-003, 0.59674843E-003, 0.80568234E+003, 0.62690626E+003,
 0.40100000E+002, 0.29375000E+001, 0.29375000E+001, 0.30250000E+001, 0.00000000E+000, 0.00000000E+000, 0.80756721E+003, 0.79631996E+003, 0.79704880E+003, 0.12075712E+004, 0.00000000E+000, 0.79624283E+003, 0.00000000E+000, 0.81093133E+003, 0.79591277E+003, 0.59547571E-003, 0.59547571E-003, 0.80568231E+003, 0.62689770E+003,
 0.40200000E+002, 0.29375000E+001, 0.29375000E+001, 0.30250000E+001, 0.00000000E+000, 0.00000000E+000, 0.80757591E+003, 0.79632351E+003, 0.79705083E+003, 0.12075804E+004, 0.00000000E+000, 0.79624654E+003, 0.00000000E+000, 0.81094447E+003, 0.79591723E+003, 0.59420847E-003, 0.59420847E-003, 0.80568228E+003, 0.62688912E+003,
 0.40300000E+002, 0.29375000E+001, 0.29375000E+001, 0.30250000E+001, 0.00000000E+000, 0.00000000E+000, 0.80758461E+003, 0.79632704E+003, 0.79705283E+003, 0.12075896E+004, 0.00000000E+000, 0.79625023E+003, 0.00000000E+000, 0.81095753E+003, 0.79592167E+003, 0.59294654E-003, 0.59294654E-003, 0.80568226E+003, 0.62688054E+003,
 0.40400000E+002, 0.29375000E+001, 0.29375000E+001, 0.30250000E+001, 0.00000000E+000, 0.00000000E+000, 0.80759330E+003, 0.79633056E+003, 0.79705482E+003, 0.12075987E+004, 0.00000000E+000, 0.79625391E+003, 0.00000000E+000, 0.81097050E+003, 0.79592610E+003, 0.59168995E-003, 0.59168995E-003, 0.80568223E+003, 0.62687194E+003,
 0.40500000E+002, 0.29375000E+001, 0.29375000E+001, 0.30250000E+001, 0.00000000E+000, 0.00000000E+000, 0.80760197E+003, 0.79633406E+003, 0.79705679E+003, 0.12076079E+004, 0.00000000E+000, 0.79625757E+003, 0.00000000E+000, 0.81098341E+003, 0.79593051E+003, 0.59043872E-003, 0.59043872E-003, 0.80568220E+003, 0.62686333E+003,
 0.40600000E+002, 0.29375000E+001, 0.29375000E+001, 0.30250000E+001, 0.00000000E+000, 0.00000000E+000, 0.80761064E+003, 0.79633754E+003, 0.79705875E+003, 0.12076171E+004, 0.00000000E+000, 0.79626121E+003, 0.00000000E+000, 0.81099623E+003, 0.79593490E+003, 0.58919272E-003, 0.58919272E-003, 0.80568217E+003, 0.62685472E+003,
 0.40700000E+002, 0.29375000E+001, 0.29375000E+001, 0.30250000E+001, 0.00000000E+000, 0.00000000E+000, 0.80761930E+003, 0.79634100E+003, 0.79706068E+003, 0.12076262E+004, 0.00000000E+000, 0.79626484E+003, 0.00000000E+000, 0.81100896E+003, 0.79593927E+003, 0.58795195E-003, 0.58795195E-003, 0.80568215E+003, 0.62684610E+003,
 0.40800000E+002, 0.29375000E+001, 0.29375000E+001, 0.30250000E+001, 0.00000000E+000, 0.00000000E+000, 0.80762795E+003, 0.79634445E+003, 0.79706260E+003, 0.12076353E+004, 0.00000000E+000, 0.79626845E+003, 0.00000000E+000, 0.81102162E+003, 0.79594362E+003, 0.58671637E-003, 0.58671637E-003, 0.80568212E+003, 0.62683747E+003,
 0.40900000E+002, 0.29375000E+001, 0.29375000E+001, 0.30250000E+001, 0.00000000E+000, 0.00000000E+000, 0.80763660E+003, 0.79634787E+003, 0.79706451E+003, 0.12076444E+004, 0.00000000E+000, 0.79627203E+003, 0.00000000E+000, 0.81103420E+003, 0.79594796E+003, 0.58548605E-003, 0.58548605E-003, 0.80568209E+003, 0.62682883E+003,
 0.41000000E+002, 0.29375000E+001, 0.29375000E+001, 0.30250000E+001, 0.00000000E+000, 0.00000000E+000, 0.80764523E+003, 0.79635128E+003, 0.79706639E+003, 0.12076536E+004, 0.00000000E+000, 0.79627561E+003, 0.00000000E+000, 0.81104670E+003, 0.79595228E+003, 0.58426081E-003, 0.58426081E-003, 0.80568207E+003, 0.62682018E+003,
 0.41100000E+002, 0.29375000E+001, 0.29375000E+001, 0.30250000E+001, 0.00000000E+000, 0.00000000E+000, 0.80765385E+003, 0.79635468E+003, 0.79706826E+003, 0.12076626E+004, 0.00000000E+000, 0.79627916E+003, 0.00000000E+000, 0.81105913E+003, 0.79595658E+003, 0.58304067E-003, 0.58304067E-003, 0.80568204E+003, 0.62681152E+003,
 0.41200000E+002, 0.29375000E+001, 0.29375000E+001, 0.30250000E+001, 0.00000000E+000, 0.00000000E+000, 0.80766246E+003, 0.79635805E+003, 0.79707012E+003, 0.12076717E+004, 0.00000000E+000, 0.79628270E+003, 0.00000000E+000, 0.81107148E+003, 0.79596086E+003, 0.58182561E-003, 0.58182561E-003, 0.80568201E+003, 0.62680285E+003,
 0.41300000E+002, 0.29375000E+001, 0.29375000E+001, 0.30250000E+001, 0.00000000E+000, 0.00000000E+000, 0.80767107E+003, 0.79636141E+003, 0.79707195E+003, 0.12076808E+004, 0.00000000E+000, 0.79628622E+003, 0.00000000E+000, 0.81108375E+003, 0.79596513E+003, 0.58061568E-003, 0.58061568E-003, 0.80568198E+003, 0.62679418E+003,
 0.41400000E+002, 0.29375000E+001, 0.29375000E+001, 0.30250000E+001, 0.00000000E+000, 0.00000000E+000, 0.80767966E+003, 0.79636475E+003, 0.79707377E+003, 0.12076899E+004, 0.00000000E+000, 0.79628972E+003, 0.00000000E+000, 0.81109594E+003, 0.79596938E+003, 0.57941068E-003, 0.57941068E-003, 0.80568195E+003, 0.62678550E+003,
 0.41500000E+002, 0.29375000E+001, 0.29375000E+001, 0.30250000E+001, 0.00000000E+000, 0.00000000E+000, 0.80768824E+003, 0.79636807E+003, 0.79707558E+003, 0.12076989E+004, 0.00000000E+000, 0.79629320E+003, 0.00000000E+000, 0.81110805E+003, 0.79597361E+003, 0.57821066E-003, 0.57821066E-003, 0.80568192E+003, 0.62677680E+003,
 0.41600000E+002, 0.29375000E+001, 0.29375000E+001, 0.30250000E+001, 0.00000000E+000, 0.00000000E+000, 0.80769681E+003, 0.79637138E+003, 0.79707737E+003, 0.12077080E+004, 0.00000000E+000, 0.79629667E+003, 0.00000000E+000, 0.81112009E+003, 0.79597782E+003, 0.57701567E-003, 0.57701567E-003, 0.80568189E+003, 0.62676810E+003,
 0.41700000E+002, 0.29375000E+001, 0.29375000E+001, 0.30250000E+001, 0.00000000E+000, 0.00000000E+000, 0.80770537E+003, 0.79637467E+003, 0.79707914E+003, 0.12077170E+004, 0.00000000E+000, 0.79630012E+003, 0.00000000E+000, 0.81113204E+003, 0.79598201E+003, 0.57582555E-003, 0.57582555E-003, 0.80568186E+003, 0.62675940E+003,
 0.41800000E+002, 0.29375000E+001, 0.29375000E+001, 0.30250000E+001, 0.00000000E+000, 0.00000000E+000, 0.80771392E+003, 0.79637794E+003, 0.79708089E+003, 0.12077260E+004, 0.00000000E+000, 0.79630355E+003, 0.00000000E+000, 0.81114392E+003, 0.79598619E+003, 0.57464031E-003, 0.57464031E-003, 0.80568183E+003, 0.62675068E+003,
 0.41900000E+002, 0.29375000E+001, 0.29375000E+001, 0.30250000E+001, 0.00000000E+000, 0.00000000E+000, 0.80772246E+003, 0.79638119E+003, 0.79708263E+003, 0.12077350E+004, 0.00000000E+000, 0.79630696E+003, 0.00000000E+000, 0.81115573E+003, 0.79599035E+003, 0.57345993E-003, 0.57345993E-003, 0.80568180E+003, 0.62674196E+003,
 0.42000000E+002, 0.29375000E+001, 0.29375000E+001, 0.30250000E+001, 0.00000000E+000, 0.00000000E+000, 0.80773099E+003, 0.79638443E+003, 0.79708435E+003, 0.12077440E+004, 0.00000000E+000, 0.79631036E+003, 0.00000000E+000, 0.81116745E+003, 0.79599449E+003, 0.57228446E-003, 0.57228446E-003, 0.80568177E+003, 0.62673323E+003,
 0.42100000E+002, 0.29375000E+001, 0.29375000E+001, 0.30250000E+001, 0.00000000E+000, 0.00000000E+000, 0.80773951E+003, 0.79638765E+003, 0.79708606E+003, 0.12077530E+004, 0.00000000E+000, 0.79631374E+003, 0.00000000E+000, 0.81117910E+003, 0.79599861E+003, 0.57111374E-003, 0.57111374E-003, 0.80568174E+003, 0.62672450E+003,
 0.42200000E+002, 0.29375000E+001, 0.29375000E+001, 0.30250000E+001, 0.00000000E+000, 0.00000000E+000, 0.80774802E+003, 0.79639085E+003, 0.79708775E+003, 0.12077619E+004, 0.00000000E+000, 0.79631710E+003, 0.00000000E+000, 0.81119068E+003, 0.79600272E+003, 0.56994777E-003, 0.56994777E-003, 0.80568171E+003, 0.62671575E+003,
 0.42300000E+002, 0.29375000E+001, 0.29375000E+001, 0.30250000E+001, 0.00000000E+000, 0.00000000E+000, 0.80775651E+003, 0.79639404E+003, 0.79708943E+003, 0.12077709E+004, 0.00000000E+000, 0.79632044E+003, 0.00000000E+000, 0.81120218E+003, 0.79600680E+003, 0.56878655E-003, 0.56878655E-003, 0.80568168E+003, 0.62670700E+003,
 0.42400000E+002, 0.29375000E+001, 0.29375000E+001, 0.30250000E+001, 0.00000000E+000, 0.00000000E+000, 0.80776500E+003, 0.79639720E+003, 0.79709109E+003, 0.12077798E+004, 0.00000000E+000, 0.79632377E+003, 0.00000000E+000, 0.81121360E+003, 0.79601087E+003, 0.56763011E-003, 0.56763011E-003, 0.80568164E+003, 0.62669824E+003,
 0.42500000E+002, 0.29375000E+001, 0.29375000E+001, 0.30250000E+001, 0.00000000E+000, 0.00000000E+000, 0.80777347E+003, 0.79640036E+003, 0.79709273E+003, 0.12077887E+004, 0.00000000E+000, 0.79632708E+003, 0.00000000E+000, 0.81122494E+003, 0.79601493E+003, 0.56647831E-003, 0.56647831E-003, 0.80568161E+003, 0.62668948E+003,
 0.42600000E+002, 0.29375000E+001, 0.29375000E+001, 0.30250000E+001, 0.00000000E+000, 0.00000000E+000, 0.80778193E+003, 0.79640349E+003, 0.79709436E+003, 0.12077977E+004, 0.00000000E+000, 0.79633037E+003, 0.00000000E+000, 0.81123621E+003, 0.79601896E+003, 0.56533117E-003, 0.56533117E-003, 0.80568158E+003, 0.62668071E+003,
 0.42700000E+002, 0.29375000E+001, 0.29375000E+001, 0.30250000E+001, 0.00000000E+000, 0.00000000E+000, 0.80779038E+003, 0.79640661E+003, 0.79709598E+003, 0.12078066E+004, 0.00000000E+000, 0.79633365E+003, 0.00000000E+000, 0.81124741E+003, 0.79602298E+003, 0.56418864E-003, 0.56418864E-003, 0.80568155E+003, 0.62667193E+003,
 0.42800000E+002, 0.29375000E+001, 0.29375000E+001, 0.30250000E+001, 0.00000000E+000, 0.00000000E+000, 0.80779882E+003, 0.79640971E+003, 0.79709758E+003, 0.12078154E+004, 0.00000000E+000, 0.79633691E+003, 0.00000000E+000, 0.81125853E+003, 0.79602697E+003, 0.56305072E-003, 0.56305072E-003, 0.80568151E+003, 0.62666315E+003,
 0.42900000E+002, 0.29375000E+001, 0.29375000E+001, 0.30250000E+001, 0.00000000E+000, 0.00000000E+000, 0.80780724E+003, 0.79641279E+003, 0.79709916E+003, 0.12078243E+004, 0.00000000E+000, 0.79634015E+003, 0.00000000E+000, 0.81126958E+003, 0.79603095E+003, 0.56191747E-003, 0.56191747E-003, 0.80568148E+003, 0.62665435E+003,
 0.43000000E+002, 0.29375000E+001, 0.29375000E+001, 0.30250000E+001, 0.00000000E+000, 0.00000000E+000, 0.80781566E+003, 0.79641586E+003, 0.79710073E+003, 0.12078332E+004, 0.00000000E+000, 0.79634338E+003, 0.00000000E+000, 0.81128055E+003, 0.79603492E+003, 0.56078869E-003, 0.56078869E-003, 0.80568145E+003, 0.62664556E+003,
 0.43100000E+002, 0.29375000E+001, 0.29375000E+001, 0.30250000E+001, 0.00000000E+000, 0.00000000E+000, 0.80782406E+003, 0.79641891E+003, 0.79710228E+003, 0.12078420E+004, 0.00000000E+000, 0.79634658E+003, 0.00000000E+000, 0.81129145E+003, 0.79603886E+003, 0.55966444E-003, 0.55966444E-003, 0.80568141E+003, 0.62663675E+003,
 0.43200000E+002, 0.29375000E+001, 0.29375000E+001, 0.30250000E+001, 0.00000000E+000, 0.00000000E+000, 0.80783245E+003, 0.79642194E+003, 0.79710382E+003, 0.12078509E+004, 0.00000000E+000, 0.79634977E+003, 0.00000000E+000, 0.81130227E+003, 0.79604279E+003, 0.55854467E-003, 0.55854467E-003, 0.80568138E+003, 0.62662794E+003,
 0.43300000E+002, 0.29375000E+001, 0.29375000E+001, 0.30250000E+001, 0.00000000E+000, 0.00000000E+000, 0.80784083E+003, 0.79642496E+003, 0.79710535E+003, 0.12078597E+004, 0.00000000E+000, 0.79635295E+003, 0.00000000E+000, 0.81131302E+003, 0.79604670E+003, 0.55742945E-003, 0.55742945E-003, 0.80568135E+003, 0.62661912E+003,
 0.43400000E+002, 0.29375000E+001, 0.29375000E+001, 0.30250000E+001, 0.00000000E+000, 0.00000000E+000, 0.80784919E+003, 0.79642796E+003, 0.79710686E+003, 0.12078685E+004, 0.00000000E+000, 0.79635611E+003, 0.00000000E+000, 0.81132370E+003, 0.79605059E+003, 0.55631862E-003, 0.55631862E-003, 0.80568131E+003, 0.62661030E+003,
 0.43500000E+002, 0.29375000E+001, 0.29375000E+001, 0.30250000E+001, 0.00000000E+000, 0.00000000E+000, 0.80785755E+003, 0.79643094E+003, 0.79710835E+003, 0.12078773E+004, 0.00000000E+000, 0.79635925E+003, 0.00000000E+000, 0.81133430E+003, 0.79605447E+003, 0.55521219E-003, 0.55521219E-003, 0.80568128E+003, 0.62660147E+003,
 0.43600000E+002, 0.29375000E+001, 0.29375000E+001, 0.30250000E+001, 0.00000000E+000, 0.00000000E+000, 0.80786589E+003, 0.79643391E+003, 0.79710983E+003, 0.12078860E+004, 0.00000000E+000, 0.79636237E+003, 0.00000000E+000, 0.81134483E+003, 0.79605832E+003, 0.55411015E-003, 0.55411015E-003, 0.80568125E+003, 0.62659263E+003,
 0.43700000E+002, 0.29375000E+001, 0.29375000E+001, 0.30250000E+001, 0.00000000E+000, 0.00000000E+000, 0.80787422E+003, 0.79643686E+003, 0.79711130E+003, 0.12078948E+004, 0.00000000E+000, 0.79636548E+003, 0.00000000E+000, 0.81135528E+003, 0.79606216E+003, 0.55301247E-003, 0.55301247E-003, 0.80568121E+003, 0.62658379E+003,
 0.43800000E+002, 0.29375000E+001, 0.29375000E+001, 0.30250000E+001, 0.00000000E+000, 0.00000000E+000, 0.80788253E+003, 0.79643980E+003, 0.79711275E+003, 0.12079036E+004, 0.00000000E+000, 0.79636857E+003, 0.00000000E+000, 0.81136567E+003, 0.79606598E+003, 0.55191921E-003, 0.55191921E-003, 0.80568118E+003, 0.62657495E+003,
 0.43900000E+002, 0.29375000E+001, 0.29375000E+001, 0.30250000E+001, 0.00000000E+000, 0.00000000E+000, 0.80789083E+003, 0.79644272E+003, 0.79711419E+003, 0.12079123E+004, 0.00000000E+000, 0.79637164E+003, 0.00000000E+000, 0.81137598E+003, 0.79606979E+003, 0.55083021E-003, 0.55083021E-003, 0.80568114E+003, 0.62656610E+003,
 0.44000000E+002, 0.29375000E+001, 0.29375000E+001, 0.30250000E+001, 0.00000000E+000, 0.00000000E+000, 0.80789912E+003, 0.79644562E+003, 0.79711561E+003, 0.12079210E+004, 0.00000000E+000, 0.79637470E+003, 0.00000000E+000, 0.81138622E+003, 0.79607357E+003, 0.54974548E-003, 0.54974548E-003, 0.80568111E+003, 0.62655724E+003,
 0.44100000E+002, 0.29375000E+001, 0.29375000E+001, 0.30250000E+001, 0.00000000E+000, 0.00000000E+000, 0.80790740E+003, 0.79644850E+003, 0.79711702E+003, 0.12079297E+004, 0.00000000E+000, 0.79637774E+003, 0.00000000E+000, 0.81139638E+003, 0.79607734E+003, 0.54866500E-003, 0.54866500E-003, 0.80568108E+003, 0.62654838E+003,
 0.44200000E+002, 0.29375000E+001, 0.29375000E+001, 0.30250000E+001, 0.00000000E+000, 0.00000000E+000, 0.80791566E+003, 0.79645137E+003, 0.79711841E+003, 0.12079384E+004, 0.00000000E+000, 0.79638076E+003, 0.00000000E+000, 0.81140648E+003, 0.79608109E+003, 0.54758876E-003, 0.54758876E-003, 0.80568104E+003, 0.62653952E+003,
 0.44300000E+002, 0.29375000E+001, 0.29375000E+001, 0.30250000E+001, 0.00000000E+000, 0.00000000E+000, 0.80792391E+003, 0.79645423E+003, 0.79711979E+003, 0.12079471E+004, 0.00000000E+000, 0.79638377E+003, 0.00000000E+000, 0.81141651E+003, 0.79608483E+003, 0.54651682E-003, 0.54651682E-003, 0.80568101E+003, 0.62653064E+003,
 0.44400000E+002, 0.29375000E+001, 0.29375000E+001, 0.30250000E+001, 0.00000000E+000, 0.00000000E+000, 0.80793215E+003, 0.79645706E+003, 0.79712116E+003, 0.12079557E+004, 0.00000000E+000, 0.79638676E+003, 0.00000000E+000, 0.81142646E+003, 0.79608854E+003, 0.54544900E-003, 0.54544900E-003, 0.80568097E+003, 0.62652177E+003,
 0.44500000E+002, 0.29375000E+001, 0.29375000E+001, 0.30250000E+001, 0.00000000E+000, 0.00000000E+000, 0.80794038E+003, 0.79645988E+003, 0.79712251E+003, 0.12079644E+004, 0.00000000E+000, 0.79638974E+003, 0.00000000E+000, 0.81143634E+003, 0.79609224E+003, 0.54438533E-003, 0.54438533E-003, 0.80568094E+003, 0.62651289E+003,
 0.44600000E+002, 0.29375000E+001, 0.29375000E+001, 0.30250000E+001, 0.00000000E+000, 0.00000000E+000, 0.80794859E+003, 0.79646269E+003, 0.79712386E+003, 0.12079730E+004, 0.00000000E+000, 0.79639270E+003, 0.00000000E+000, 0.81144616E+003, 0.79609592E+003, 0.54332580E-003, 0.54332580E-003, 0.80568091E+003, 0.62650401E+003,
 0.44700000E+002, 0.29375000E+001, 0.29375000E+001, 0.30250000E+001, 0.00000000E+000, 0.00000000E+000, 0.80795678E+003, 0.79646548E+003, 0.79712518E+003, 0.12079816E+004, 0.00000000E+000, 0.79639564E+003, 0.00000000E+000, 0.81145590E+003, 0.79609959E+003, 0.54227038E-003, 0.54227038E-003, 0.80568087E+003, 0.62649512E+003,
 0.44800000E+002, 0.29375000E+001, 0.29375000E+001, 0.30250000E+001, 0.00000000E+000, 0.00000000E+000, 0.80796497E+003, 0.79646825E+003, 0.79712650E+003, 0.12079902E+004, 0.00000000E+000, 0.79639856E+003, 0.00000000E+000, 0.81146558E+003, 0.79610324E+003, 0.54121913E-003, 0.54121913E-003, 0.80568083E+003, 0.62648622E+003,
 0.44900000E+002, 0.29375000E+001, 0.29375000E+001, 0.30250000E+001, 0.00000000E+000, 0.00000000E+000, 0.80797314E+003, 0.79647101E+003, 0.79712780E+003, 0.12079988E+004, 0.00000000E+000, 0.79640148E+003, 0.00000000E+000, 0.81147519E+003, 0.79610686E+003, 0.54017188E-003, 0.54017188E-003, 0.80568080E+003, 0.62647732E+003,
 0.45000000E+002, 0.29375000E+001, 0.29375000E+001, 0.30250000E+001, 0.00000000E+000, 0.00000000E+000, 0.80798129E+003, 0.79647375E+003, 0.79712908E+003, 0.12080074E+004, 0.00000000E+000, 0.79640437E+003, 0.00000000E+000, 0.81148472E+003, 0.79611048E+003, 0.53912869E-003, 0.53912869E-003, 0.80568077E+003, 0.62646842E+003,
 0.45100000E+002, 0.29375000E+001, 0.29375000E+001, 0.30250000E+001, 0.00000000E+000, 0.00000000E+000, 0.80798944E+003, 0.79647648E+003, 0.79713036E+003, 0.12080159E+004, 0.00000000E+000, 0.79640725E+003, 0.00000000E+000, 0.81149419E+003, 0.79611407E+003, 0.53808952E-003, 0.53808952E-003, 0.80568073E+003, 0.62645951E+003,
 0.45200000E+002, 0.29375000E+001, 0.29375000E+001, 0.30250000E+001, 0.00000000E+000, 0.00000000E+000, 0.80799757E+003, 0.79647919E+003, 0.79713162E+003, 0.12080245E+004, 0.00000000E+000, 0.79641011E+003, 0.00000000E+000, 0.81150359E+003, 0.79611765E+003, 0.53705434E-003, 0.53705434E-003, 0.80568070E+003, 0.62645060E+003,
 0.45300000E+002, 0.29375000E+001, 0.29375000E+001, 0.30250000E+001, 0.00000000E+000, 0.00000000E+000, 0.80800568E+003, 0.79648189E+003, 0.79713287E+003, 0.12080330E+004, 0.00000000E+000, 0.79641296E+003, 0.00000000E+000, 0.81151292E+003, 0.79612121E+003, 0.53602313E-003, 0.53602313E-003, 0.80568066E+003, 0.62644168E+003,
 0.45400000E+002, 0.29375000E+001, 0.29375000E+001, 0.30250000E+001, 0.00000000E+000, 0.00000000E+000, 0.80801378E+003, 0.79648457E+003, 0.79713410E+003, 0.12080415E+004, 0.00000000E+000, 0.79641579E+003, 0.00000000E+000, 0.81152219E+003, 0.79612475E+003, 0.53499595E-003, 0.53499595E-003, 0.80568062E+003, 0.62643275E+003,
 0.45500000E+002, 0.29375000E+001, 0.29375000E+001, 0.30250000E+001, 0.00000000E+000, 0.00000000E+000, 0.80802187E+003, 0.79648723E+003, 0.79713532E+003, 0.12080500E+004, 0.00000000E+000, 0.79641860E+003, 0.00000000E+000, 0.81153138E+003, 0.79612828E+003, 0.53397264E-003, 0.53397264E-003, 0.80568059E+003, 0.62642383E+003,
 0.45600000E+002, 0.29375000E+001, 0.29375000E+001, 0.30250000E+001, 0.00000000E+000, 0.00000000E+000, 0.80802994E+003, 0.79648988E+003, 0.79713653E+003, 0.12080585E+004, 0.00000000E+000, 0.79642140E+003, 0.00000000E+000, 0.81154051E+003, 0.79613179E+003, 0.53295325E-003, 0.53295325E-003, 0.80568056E+003, 0.62641490E+003,
 0.45700000E+002, 0.29375000E+001, 0.29375000E+001, 0.30250000E+001, 0.00000000E+000, 0.00000000E+000, 0.80803800E+003, 0.79649251E+003, 0.79713773E+003, 0.12080669E+004, 0.00000000E+000, 0.79642419E+003, 0.00000000E+000, 0.81154957E+003, 0.79613528E+003, 0.53193772E-003, 0.53193772E-003, 0.80568052E+003, 0.62640597E+003,
 0.45800000E+002, 0.29375000E+001, 0.29375000E+001, 0.30250000E+001, 0.00000000E+000, 0.00000000E+000, 0.80804605E+003, 0.79649513E+003, 0.79713892E+003, 0.12080754E+004, 0.00000000E+000, 0.79642696E+003, 0.00000000E+000, 0.81155857E+003, 0.79613876E+003, 0.53092605E-003, 0.53092605E-003, 0.80568048E+003, 0.62639703E+003,
 0.45900000E+002, 0.29375000E+001, 0.29375000E+001, 0.30250000E+001, 0.00000000E+000, 0.00000000E+000, 0.80805408E+003, 0.79649774E+003, 0.79714009E+003, 0.12080838E+004, 0.00000000E+000, 0.79642971E+003, 0.00000000E+000, 0.81156750E+003, 0.79614222E+003, 0.52991823E-003, 0.52991823E-003, 0.80568045E+003, 0.62638809E+003,
 0.46000000E+002, 0.29375000E+001, 0.29375000E+001, 0.30250000E+001, 0.00000000E+000, 0.00000000E+000, 0.80806209E+003, 0.79650032E+003, 0.79714125E+003, 0.12080922E+004, 0.00000000E+000, 0.79643245E+003, 0.00000000E+000, 0.81157637E+003, 0.79614566E+003, 0.52891423E-003, 0.52891423E-003, 0.80568041E+003, 0.62637914E+003,
 0.46100000E+002, 0.29375000E+001, 0.29375000E+001, 0.30250000E+001, 0.00000000E+000, 0.00000000E+000, 0.80807010E+003, 0.79650290E+003, 0.79714240E+003, 0.12081006E+004, 0.00000000E+000, 0.79643517E+003, 0.00000000E+000, 0.81158517E+003, 0.79614908E+003, 0.52791412E-003, 0.52791412E-003, 0.80568038E+003, 0.62637019E+003,
 0.46200000E+002, 0.29375000E+001, 0.29375000E+001, 0.30250000E+001, 0.00000000E+000, 0.00000000E+000, 0.80807808E+003, 0.79650546E+003, 0.79714354E+003, 0.12081090E+004, 0.00000000E+000, 0.79643787E+003, 0.00000000E+000, 0.81159390E+003, 0.79615249E+003, 0.52691771E-003, 0.52691771E-003, 0.80568035E+003, 0.62636124E+003,
 0.46300000E+002, 0.29375000E+001, 0.29375000E+001, 0.30250000E+001, 0.00000000E+000, 0.00000000E+000, 0.80808606E+003, 0.79650800E+003, 0.79714466E+003, 0.12081173E+004, 0.00000000E+000, 0.79644057E+003, 0.00000000E+000, 0.81160256E+003, 0.79615588E+003, 0.52592505E-003, 0.52592505E-003, 0.80568032E+003, 0.62635229E+003,
 0.46400000E+002, 0.29375000E+001, 0.29375000E+001, 0.30250000E+001, 0.00000000E+000, 0.00000000E+000, 0.80809401E+003, 0.79651053E+003, 0.79714577E+003, 0.12081257E+004, 0.00000000E+000, 0.79644324E+003, 0.00000000E+000, 0.81161117E+003, 0.79615926E+003, 0.52493612E-003, 0.52493612E-003, 0.80568028E+003, 0.62634333E+003,
 0.46500000E+002, 0.29375000E+001, 0.29375000E+001, 0.30250000E+001, 0.00000000E+000, 0.00000000E+000, 0.80810196E+003, 0.79651304E+003, 0.79714688E+003, 0.12081340E+004, 0.00000000E+000, 0.79644590E+003, 0.00000000E+000, 0.81161971E+003, 0.79616261E+003, 0.52395089E-003, 0.52395089E-003, 0.80568024E+003, 0.62633437E+003,
 0.46600000E+002, 0.29375000E+001, 0.29375000E+001, 0.30250000E+001, 0.00000000E+000, 0.00000000E+000, 0.80810989E+003, 0.79651554E+003, 0.79714797E+003, 0.12081423E+004, 0.00000000E+000, 0.79644855E+003, 0.00000000E+000, 0.81162819E+003, 0.79616595E+003, 0.52296937E-003, 0.52296937E-003, 0.80568021E+003, 0.62632541E+003,
 0.46700000E+002, 0.29375000E+001, 0.29375000E+001, 0.30250000E+001, 0.00000000E+000, 0.00000000E+000, 0.80811780E+003, 0.79651803E+003, 0.79714904E+003, 0.12081506E+004, 0.00000000E+000, 0.79645118E+003, 0.00000000E+000, 0.81163660E+003, 0.79616928E+003, 0.52199153E-003, 0.52199153E-003, 0.80568018E+003, 0.62631644E+003,
 0.46800000E+002, 0.29375000E+001, 0.29375000E+001, 0.30250000E+001, 0.00000000E+000, 0.00000000E+000, 0.80812570E+003, 0.79652050E+003, 0.79715011E+003, 0.12081589E+004, 0.00000000E+000, 0.79645380E+003, 0.00000000E+000, 0.81164495E+003, 0.79617259E+003, 0.52101744E-003, 0.52101744E-003, 0.80568014E+003, 0.62630747E+003,
 0.46900000E+002, 0.29375000E+001, 0.29375000E+001, 0.30250000E+001, 0.00000000E+000, 0.00000000E+000, 0.80813359E+003, 0.79652295E+003, 0.79715117E+003, 0.12081671E+004, 0.00000000E+000, 0.79645640E+003, 0.00000000E+000, 0.81165323E+003, 0.79617588E+003, 0.52004687E-003, 0.52004687E-003, 0.80568011E+003, 0.62629850E+003,
 0.47000000E+002, 0.29375000E+001, 0.29375000E+001, 0.30250000E+001, 0.00000000E+000, 0.00000000E+000, 0.80814146E+003, 0.79652539E+003, 0.79715221E+003, 0.12081754E+004, 0.00000000E+000, 0.79645898E+003, 0.00000000E+000, 0.81166146E+003, 0.79617915E+003, 0.51907995E-003, 0.51907995E-003, 0.80568008E+003, 0.62628953E+003,
 0.47100000E+002, 0.29375000E+001, 0.29375000E+001, 0.30250000E+001, 0.00000000E+000, 0.00000000E+000, 0.80814931E+003, 0.79652782E+003, 0.79715324E+003, 0.12081836E+004, 0.00000000E+000, 0.79646156E+003, 0.00000000E+000, 0.81166962E+003, 0.79618241E+003, 0.51811661E-003, 0.51811661E-003, 0.80568004E+003, 0.62628055E+003,
 0.47200000E+002, 0.29375000E+001, 0.29375000E+001, 0.30250000E+001, 0.00000000E+000, 0.00000000E+000, 0.80815715E+003, 0.79653023E+003, 0.79715426E+003, 0.12081918E+004, 0.00000000E+000, 0.79646411E+003, 0.00000000E+000, 0.81167772E+003, 0.79618565E+003, 0.51715684E-003, 0.51715684E-003, 0.80568001E+003, 0.62627157E+003,
 0.47300000E+002, 0.29375000E+001, 0.29375000E+001, 0.30250000E+001, 0.00000000E+000, 0.00000000E+000, 0.80816498E+003, 0.79653263E+003, 0.79715527E+003, 0.12082000E+004, 0.00000000E+000, 0.79646666E+003, 0.00000000E+000, 0.81168576E+003, 0.79618888E+003, 0.51620062E-003, 0.51620062E-003, 0.80567998E+003, 0.62626259E+003,
 0.47400000E+002, 0.29375000E+001, 0.29375000E+001, 0.30250000E+001, 0.00000000E+000, 0.00000000E+000, 0.80817279E+003, 0.79653501E+003, 0.79715627E+003, 0.12082082E+004, 0.00000000E+000, 0.79646918E+003, 0.00000000E+000, 0.81169374E+003, 0.79619209E+003, 0.51524793E-003, 0.51524793E-003, 0.80567994E+003, 0.62625361E+003,
 0.47500000E+002, 0.29375000E+001, 0.29375000E+001, 0.30250000E+001, 0.00000000E+000, 0.00000000E+000, 0.80818058E+003, 0.79653738E+003, 0.79715726E+003, 0.12082164E+004, 0.00000000E+000, 0.79647170E+003, 0.00000000E+000, 0.81170165E+003, 0.79619528E+003, 0.51429876E-003, 0.51429876E-003, 0.80567991E+003, 0.62624462E+003,
 0.47600000E+002, 0.29375000E+001, 0.29375000E+001, 0.30250000E+001, 0.00000000E+000, 0.00000000E+000, 0.80818836E+003, 0.79653974E+003, 0.79715824E+003, 0.12082245E+004, 0.00000000E+000, 0.79647420E+003, 0.00000000E+000, 0.81170951E+003, 0.79619846E+003, 0.51335317E-003, 0.51335317E-003, 0.80567988E+003, 0.62623563E+003,
 0.47700000E+002, 0.29375000E+001, 0.29375000E+001, 0.30250000E+001, 0.00000000E+000, 0.00000000E+000, 0.80819613E+003, 0.79654208E+003, 0.79715921E+003, 0.12082326E+004, 0.00000000E+000, 0.79647668E+003, 0.00000000E+000, 0.81171731E+003, 0.79620162E+003, 0.51241097E-003, 0.51241097E-003, 0.80567984E+003, 0.62622664E+003,
 0.47800000E+002, 0.29375000E+001, 0.29375000E+001, 0.30250000E+001, 0.00000000E+000, 0.00000000E+000, 0.80820388E+003, 0.79654441E+003, 0.79716017E+003, 0.12082407E+004, 0.00000000E+000, 0.79647915E+003, 0.00000000E+000, 0.81172505E+003, 0.79620477E+003, 0.51147223E-003, 0.51147223E-003, 0.80567981E+003, 0.62621765E+003,
 0.47900000E+002, 0.29375000E+001, 0.29375000E+001, 0.30250000E+001, 0.00000000E+000, 0.00000000E+000, 0.80821161E+003, 0.79654672E+003, 0.79716111E+003, 0.12082488E+004, 0.00000000E+000, 0.79648161E+003, 0.00000000E+000, 0.81173272E+003, 0.79620790E+003, 0.51053692E-003, 0.51053692E-003, 0.80567978E+003, 0.62620865E+003,
 0.48000000E+002, 0.29375000E+001, 0.29375000E+001, 0.30250000E+001, 0.00000000E+000, 0.00000000E+000, 0.80821933E+003, 0.79654902E+003, 0.79716205E+003, 0.12082569E+004, 0.00000000E+000, 0.79648405E+003, 0.00000000E+000, 0.81174034E+003, 0.79621101E+003, 0.50960504E-003, 0.50960504E-003, 0.80567974E+003, 0.62619965E+003,
 0.48100000E+002, 0.29375000E+001, 0.29375000E+001, 0.30250000E+001, 0.00000000E+000, 0.00000000E+000, 0.80822703E+003, 0.79655131E+003, 0.79716297E+003, 0.12082650E+004, 0.00000000E+000, 0.79648648E+003, 0.00000000E+000, 0.81174791E+003, 0.79621411E+003, 0.50867655E-003, 0.50867655E-003, 0.80567971E+003, 0.62619065E+003,
 0.48200000E+002, 0.29375000E+001, 0.29375000E+001, 0.30250000E+001, 0.00000000E+000, 0.00000000E+000, 0.80823472E+003, 0.79655358E+003, 0.79716389E+003, 0.12082730E+004, 0.00000000E+000, 0.79648889E+003, 0.00000000E+000, 0.81175541E+003, 0.79621719E+003, 0.50775144E-003, 0.50775144E-003, 0.80567968E+003, 0.62618165E+003,
 0.48300000E+002, 0.29375000E+001, 0.29375000E+001, 0.30250000E+001, 0.00000000E+000, 0.00000000E+000, 0.80824240E+003, 0.79655584E+003, 0.79716480E+003, 0.12082810E+004, 0.00000000E+000, 0.79649129E+003, 0.00000000E+000, 0.81176285E+003, 0.79622026E+003, 0.50682969E-003, 0.50682969E-003, 0.80567965E+003, 0.62617265E+003,
 0.48400000E+002, 0.29375000E+001, 0.29375000E+001, 0.30250000E+001, 0.00000000E+000, 0.00000000E+000, 0.80825005E+003, 0.79655809E+003, 0.79716569E+003, 0.12082890E+004, 0.00000000E+000, 0.79649368E+003, 0.00000000E+000, 0.81177024E+003, 0.79622331E+003, 0.50591129E-003, 0.50591129E-003, 0.80567961E+003, 0.62616364E+003,
 0.48500000E+002, 0.29375000E+001, 0.29375000E+001, 0.30250000E+001, 0.00000000E+000, 0.00000000E+000, 0.80825770E+003, 0.79656032E+003, 0.79716658E+003, 0.12082970E+004, 0.00000000E+000, 0.79649605E+003, 0.00000000E+000, 0.81177757E+003, 0.79622634E+003, 0.50499621E-003, 0.50499621E-003, 0.80567958E+003, 0.62615463E+003,
 0.48600000E+002, 0.29375000E+001, 0.29375000E+001, 0.30250000E+001, 0.00000000E+000, 0.00000000E+000, 0.80826532E+003, 0.79656254E+003, 0.79716745E+003, 0.12083050E+004, 0.00000000E+000, 0.79649841E+003, 0.00000000E+000, 0.81178485E+003, 0.79622936E+003, 0.50408456E-003, 0.50408456E-003, 0.80567955E+003, 0.62614562E+003,
 0.48700000E+002, 0.29375000E+001, 0.29375000E+001, 0.30250000E+001, 0.00000000E+000, 0.00000000E+000, 0.80827293E+003, 0.79656475E+003, 0.79716832E+003, 0.12083129E+004, 0.00000000E+000, 0.79650076E+003, 0.00000000E+000, 0.81179207E+003, 0.79623237E+003, 0.50317610E-003, 0.50317610E-003, 0.80567952E+003, 0.62613660E+003,
 0.48800000E+002, 0.29375000E+001, 0.29375000E+001, 0.30250000E+001, 0.00000000E+000, 0.00000000E+000, 0.80828053E+003, 0.79656694E+003, 0.79716918E+003, 0.12083209E+004, 0.00000000E+000, 0.79650309E+003, 0.00000000E+000, 0.81179923E+003, 0.79623535E+003, 0.50227092E-003, 0.50227092E-003, 0.80567949E+003, 0.62612759E+003,
 0.48900000E+002, 0.29375000E+001, 0.29375000E+001, 0.30250000E+001, 0.00000000E+000, 0.00000000E+000, 0.80828811E+003, 0.79656912E+003, 0.79717003E+003, 0.12083288E+004, 0.00000000E+000, 0.79650541E+003, 0.00000000E+000, 0.81180633E+003, 0.79623833E+003, 0.50136899E-003, 0.50136899E-003, 0.80567946E+003, 0.62611858E+003,
 0.49000000E+002, 0.29375000E+001, 0.29375000E+001, 0.30250000E+001, 0.00000000E+000, 0.00000000E+000, 0.80829567E+003, 0.79657129E+003, 0.79717086E+003, 0.12083367E+004, 0.00000000E+000, 0.79650771E+003, 0.00000000E+000, 0.81181338E+003, 0.79624129E+003, 0.50047030E-003, 0.50047030E-003, 0.80567943E+003, 0.62610956E+003,
 0.49100000E+002, 0.29375000E+001, 0.29375000E+001, 0.30250000E+001, 0.00000000E+000, 0.00000000E+000, 0.80830322E+003, 0.79657344E+003, 0.79717169E+003, 0.12083446E+004, 0.00000000E+000, 0.79651000E+003, 0.00000000E+000, 0.81182037E+003, 0.79624423E+003, 0.49957482E-003, 0.49957482E-003, 0.80567940E+003, 0.62610055E+003,
 0.49200000E+002, 0.29375000E+001, 0.29375000E+001, 0.30250000E+001, 0.00000000E+000, 0.00000000E+000, 0.80831076E+003, 0.79657558E+003, 0.79717251E+003, 0.12083524E+004, 0.00000000E+000, 0.79651228E+003, 0.00000000E+000, 0.81182731E+003, 0.79624716E+003, 0.49868254E-003, 0.49868254E-003, 0.80567937E+003, 0.62609153E+003,
 0.49300000E+002, 0.29375000E+001, 0.29375000E+001, 0.30250000E+001, 0.00000000E+000, 0.00000000E+000, 0.80831827E+003, 0.79657771E+003, 0.79717332E+003, 0.12083603E+004, 0.00000000E+000, 0.79651454E+003, 0.00000000E+000, 0.81183420E+003, 0.79625007E+003, 0.49779345E-003, 0.49779345E-003, 0.80567934E+003, 0.62608251E+003,
 0.49400000E+002, 0.29375000E+001, 0.29375000E+001, 0.30250000E+001, 0.00000000E+000, 0.00000000E+000, 0.80832578E+003, 0.79657982E+003, 0.79717412E+003, 0.12083681E+004, 0.00000000E+000, 0.79651680E+003, 0.00000000E+000, 0.81184103E+003, 0.79625296E+003, 0.49690753E-003, 0.49690753E-003, 0.80567931E+003, 0.62607349E+003,
 0.49500000E+002, 0.29375000E+001, 0.29375000E+001, 0.30250000E+001, 0.00000000E+000, 0.00000000E+000, 0.80833326E+003, 0.79658193E+003, 0.79717491E+003, 0.12083759E+004, 0.00000000E+000, 0.79651903E+003, 0.00000000E+000, 0.81184782E+003, 0.79625585E+003, 0.49602476E-003, 0.49602476E-003, 0.80567928E+003, 0.62606446E+003,
 0.49600000E+002, 0.29375000E+001, 0.29375000E+001, 0.30250000E+001, 0.00000000E+000, 0.00000000E+000, 0.80834073E+003, 0.79658402E+003, 0.79717570E+003, 0.12083837E+004, 0.00000000E+000, 0.79652126E+003, 0.00000000E+000, 0.81185454E+003, 0.79625871E+003, 0.49514513E-003, 0.49514513E-003, 0.80567925E+003, 0.62605543E+003,
 0.49700000E+002, 0.29375000E+001, 0.29375000E+001, 0.30250000E+001, 0.00000000E+000, 0.00000000E+000, 0.80834819E+003, 0.79658609E+003, 0.79717647E+003, 0.12083915E+004, 0.00000000E+000, 0.79652347E+003, 0.00000000E+000, 0.81186122E+003, 0.79626156E+003, 0.49426862E-003, 0.49426862E-003, 0.80567922E+003, 0.62604641E+003,
 0.49800000E+002, 0.29375000E+001, 0.29375000E+001, 0.30250000E+001, 0.00000000E+000, 0.00000000E+000, 0.80835563E+003, 0.79658816E+003, 0.79717724E+003, 0.12083993E+004, 0.00000000E+000, 0.79652567E+003, 0.00000000E+000, 0.81186784E+003, 0.79626440E+003, 0.49339532E-003, 0.49339532E-003, 0.80567919E+003, 0.62603738E+003,
 0.49900000E+002, 0.29375000E+001, 0.29375000E+001, 0.30250000E+001, 0.00000000E+000, 0.00000000E+000, 0.80836305E+003, 0.79659021E+003, 0.79717799E+003, 0.12084070E+004, 0.00000000E+000, 0.79652786E+003, 0.00000000E+000, 0.81187441E+003, 0.79626722E+003, 0.49252500E-003, 0.49252500E-003, 0.80567917E+003, 0.62602835E+003,
 0.50000000E+002, 0.29375000E+001, 0.29375000E+001, 0.30250000E+001, 0.00000000E+000, 0.00000000E+000, 0.80837046E+003, 0.79659225E+003, 0.79717874E+003, 0.12084147E+004, 0.00000000E+000, 0.79653003E+003, 0.00000000E+000, 0.81188092E+003, 0.79627003E+003, 0.49165777E-003, 0.49165777E-003, 0.80567914E+003, 0.62601932E+003,
 0.50100000E+002, 0.29375000E+001, 0.29375000E+001, 0.30250000E+001, 0.00000000E+000, 0.00000000E+000, 0.80837785E+003, 0.79659428E+003, 0.79717948E+003, 0.12084224E+004, 0.00000000E+000, 0.79653219E+003, 0.00000000E+000, 0.81188738E+003, 0.79627283E+003, 0.49079359E-003, 0.49079359E-003, 0.80567911E+003, 0.62601029E+003,
 0.50200000E+002, 0.29375000E+001, 0.29375000E+001, 0.30250000E+001, 0.00000000E+000, 0.00000000E+000, 0.80838522E+003, 0.79659629E+003, 0.79718021E+003, 0.12084301E+004, 0.00000000E+000, 0.79653434E+003, 0.00000000E+000, 0.81189380E+003, 0.79627560E+003, 0.48993247E-003, 0.48993247E-003, 0.80567909E+003, 0.62600126E+003,
 0.50300000E+002, 0.29375000E+001, 0.29375000E+001, 0.30250000E+001, 0.00000000E+000, 0.00000000E+000, 0.80839258E+003, 0.79659830E+003, 0.79718094E+003, 0.12084378E+004, 0.00000000E+000, 0.79653648E+003, 0.00000000E+000, 0.81190016E+003, 0.79627837E+003, 0.48907438E-003, 0.48907438E-003, 0.80567907E+003, 0.62599223E+003,
 0.50400000E+002, 0.29375000E+001, 0.29375000E+001, 0.30250000E+001, 0.00000000E+000, 0.00000000E+000, 0.80839993E+003, 0.79660029E+003, 0.79718165E+003, 0.12084454E+004, 0.00000000E+000, 0.79653860E+003, 0.00000000E+000, 0.81190647E+003, 0.79628112E+003, 0.48821927E-003, 0.48821927E-003, 0.80567904E+003, 0.62598320E+003,
 0.50500000E+002, 0.29375000E+001, 0.29375000E+001, 0.30250000E+001, 0.00000000E+000, 0.00000000E+000, 0.80840726E+003, 0.79660227E+003, 0.79718236E+003, 0.12084531E+004, 0.00000000E+000, 0.79654071E+003, 0.00000000E+000, 0.81191274E+003, 0.79628385E+003, 0.48736714E-003, 0.48736714E-003, 0.80567901E+003, 0.62597417E+003,
 0.50600000E+002, 0.29375000E+001, 0.29375000E+001, 0.30250000E+001, 0.00000000E+000, 0.00000000E+000, 0.80841457E+003, 0.79660424E+003, 0.79718306E+003, 0.12084607E+004, 0.00000000E+000, 0.79654281E+003, 0.00000000E+000, 0.81191895E+003, 0.79628657E+003, 0.48651801E-003, 0.48651801E-003, 0.80567899E+003, 0.62596513E+003,
 0.50700000E+002, 0.29375000E+001, 0.29375000E+001, 0.30250000E+001, 0.00000000E+000, 0.00000000E+000, 0.80842187E+003, 0.79660619E+003, 0.79718375E+003, 0.12084683E+004, 0.00000000E+000, 0.79654490E+003, 0.00000000E+000, 0.81192512E+003, 0.79628928E+003, 0.48567182E-003, 0.48567182E-003, 0.80567896E+003, 0.62595609E+003,
 0.50800000E+002, 0.29375000E+001, 0.29375000E+001, 0.30250000E+001, 0.00000000E+000, 0.00000000E+000, 0.80842915E+003, 0.79660813E+003, 0.79718443E+003, 0.12084758E+004, 0.00000000E+000, 0.79654697E+003, 0.00000000E+000, 0.81193124E+003, 0.79629197E+003, 0.48482859E-003, 0.48482859E-003, 0.80567893E+003, 0.62594706E+003,
 0.50900000E+002, 0.29375000E+001, 0.29375000E+001, 0.30250000E+001, 0.00000000E+000, 0.00000000E+000, 0.80843641E+003, 0.79661007E+003, 0.79718510E+003, 0.12084834E+004, 0.00000000E+000, 0.79654904E+003, 0.00000000E+000, 0.81193731E+003, 0.79629465E+003, 0.48398827E-003, 0.48398827E-003, 0.80567891E+003, 0.62593802E+003,
 0.51000000E+002, 0.29375000E+001, 0.29375000E+001, 0.30250000E+001, 0.00000000E+000, 0.00000000E+000, 0.80844366E+003, 0.79661199E+003, 0.79718577E+003, 0.12084909E+004, 0.00000000E+000, 0.79655109E+003, 0.00000000E+000, 0.81194333E+003, 0.79629731E+003, 0.48315088E-003, 0.48315088E-003, 0.80567888E+003, 0.62592898E+003,
 0.51100000E+002, 0.29375000E+001, 0.29375000E+001, 0.30250000E+001, 0.00000000E+000, 0.00000000E+000, 0.80845089E+003, 0.79661390E+003, 0.79718643E+003, 0.12084985E+004, 0.00000000E+000, 0.79655313E+003, 0.00000000E+000, 0.81194930E+003, 0.79629996E+003, 0.48231638E-003, 0.48231638E-003, 0.80567886E+003, 0.62591994E+003,
 0.51200000E+002, 0.29375000E+001, 0.29375000E+001, 0.30250000E+001, 0.00000000E+000, 0.00000000E+000, 0.80845811E+003, 0.79661579E+003, 0.79718708E+003, 0.12085060E+004, 0.00000000E+000, 0.79655515E+003, 0.00000000E+000, 0.81195522E+003, 0.79630260E+003, 0.48148479E-003, 0.48148479E-003, 0.80567884E+003, 0.62591090E+003,
 0.51300000E+002, 0.29375000E+001, 0.29375000E+001, 0.30250000E+001, 0.00000000E+000, 0.00000000E+000, 0.80846531E+003, 0.79661768E+003, 0.79718773E+003, 0.12085135E+004, 0.00000000E+000, 0.79655717E+003, 0.00000000E+000, 0.81196110E+003, 0.79630522E+003, 0.48065606E-003, 0.48065606E-003, 0.80567882E+003, 0.62590186E+003,
 0.51400000E+002, 0.29375000E+001, 0.29375000E+001, 0.30250000E+001, 0.00000000E+000, 0.00000000E+000, 0.80847250E+003, 0.79661955E+003, 0.79718836E+003, 0.12085209E+004, 0.00000000E+000, 0.79655917E+003, 0.00000000E+000, 0.81196693E+003, 0.79630783E+003, 0.47983018E-003, 0.47983018E-003, 0.80567880E+003, 0.62589282E+003,
 0.51500000E+002, 0.29375000E+001, 0.29375000E+001, 0.30250000E+001, 0.00000000E+000, 0.00000000E+000, 0.80847967E+003, 0.79662142E+003, 0.79718899E+003, 0.12085284E+004, 0.00000000E+000, 0.79656116E+003, 0.00000000E+000, 0.81197271E+003, 0.79631042E+003, 0.47900714E-003, 0.47900714E-003, 0.80567878E+003, 0.62588378E+003,
 0.51600000E+002, 0.29375000E+001, 0.29375000E+001, 0.30250000E+001, 0.00000000E+000, 0.00000000E+000, 0.80848682E+003, 0.79662327E+003, 0.79718961E+003, 0.12085358E+004, 0.00000000E+000, 0.79656314E+003, 0.00000000E+000, 0.81197845E+003, 0.79631300E+003, 0.47818693E-003, 0.47818693E-003, 0.80567876E+003, 0.62587474E+003,
 0.51700000E+002, 0.29375000E+001, 0.29375000E+001, 0.30250000E+001, 0.00000000E+000, 0.00000000E+000, 0.80849396E+003, 0.79662511E+003, 0.79719023E+003, 0.12085432E+004, 0.00000000E+000, 0.79656511E+003, 0.00000000E+000, 0.81198414E+003, 0.79631557E+003, 0.47736955E-003, 0.47736955E-003, 0.80567874E+003, 0.62586570E+003,
 0.51800000E+002, 0.29375000E+001, 0.29375000E+001, 0.30250000E+001, 0.00000000E+000, 0.00000000E+000, 0.80850108E+003, 0.79662694E+003, 0.79719084E+003, 0.12085506E+004, 0.00000000E+000, 0.79656706E+003, 0.00000000E+000, 0.81198978E+003, 0.79631812E+003, 0.47655497E-003, 0.47655497E-003, 0.80567872E+003, 0.62585665E+003,
 0.51900000E+002, 0.29375000E+001, 0.29375000E+001, 0.30250000E+001, 0.00000000E+000, 0.00000000E+000, 0.80850818E+003, 0.79662876E+003, 0.79719144E+003, 0.12085580E+004, 0.00000000E+000, 0.79656901E+003, 0.00000000E+000, 0.81199538E+003, 0.79632066E+003, 0.47574317E-003, 0.47574317E-003, 0.80567870E+003, 0.62584761E+003,
 0.52000000E+002, 0.29375000E+001, 0.29375000E+001, 0.30250000E+001, 0.00000000E+000, 0.00000000E+000, 0.80851527E+003, 0.79663057E+003, 0.79719203E+003, 0.12085654E+004, 0.00000000E+000, 0.79657094E+003, 0.00000000E+000, 0.81200094E+003, 0.79632319E+003, 0.47493424E-003, 0.47493424E-003, 0.80567868E+003, 0.62583857E+003,
 0.52100000E+002, 0.29375000E+001, 0.29375000E+001, 0.30250000E+001, 0.00000000E+000, 0.00000000E+000, 0.80852234E+003, 0.79663237E+003, 0.79719261E+003, 0.12085727E+004, 0.00000000E+000, 0.79657286E+003, 0.00000000E+000, 0.81200645E+003, 0.79632570E+003, 0.47412795E-003, 0.47412795E-003, 0.80567866E+003, 0.62582953E+003,
 0.52200000E+002, 0.29375000E+001, 0.29375000E+001, 0.30250000E+001, 0.00000000E+000, 0.00000000E+000, 0.80852940E+003, 0.79663415E+003, 0.79719319E+003, 0.12085800E+004, 0.00000000E+000, 0.79657478E+003, 0.00000000E+000, 0.81201192E+003, 0.79632820E+003, 0.47332442E-003, 0.47332442E-003, 0.80567865E+003, 0.62582048E+003,
 0.52300000E+002, 0.29375000E+001, 0.29375000E+001, 0.30250000E+001, 0.00000000E+000, 0.00000000E+000, 0.80853644E+003, 0.79663593E+003, 0.79719377E+003, 0.12085873E+004, 0.00000000E+000, 0.79657668E+003, 0.00000000E+000, 0.81201735E+003, 0.79633069E+003, 0.47252361E-003, 0.47252361E-003, 0.80567863E+003, 0.62581144E+003,
 0.52400000E+002, 0.29375000E+001, 0.29375000E+001, 0.30250000E+001, 0.00000000E+000, 0.00000000E+000, 0.80854347E+003, 0.79663769E+003, 0.79719433E+003, 0.12085946E+004, 0.00000000E+000, 0.79657856E+003, 0.00000000E+000, 0.81202273E+003, 0.79633316E+003, 0.47172551E-003, 0.47172551E-003, 0.80567861E+003, 0.62580240E+003,
 0.52500000E+002, 0.29375000E+001, 0.29375000E+001, 0.30250000E+001, 0.00000000E+000, 0.00000000E+000, 0.80855048E+003, 0.79663945E+003, 0.79719489E+003, 0.12086019E+004, 0.00000000E+000, 0.79658044E+003, 0.00000000E+000, 0.81202807E+003, 0.79633563E+003, 0.47093012E-003, 0.47093012E-003, 0.80567860E+003, 0.62579335E+003,
 0.52600000E+002, 0.29375000E+001, 0.29375000E+001, 0.30250000E+001, 0.00000000E+000, 0.00000000E+000, 0.80855747E+003, 0.79664119E+003, 0.79719544E+003, 0.12086091E+004, 0.00000000E+000, 0.79658231E+003, 0.00000000E+000, 0.81203336E+003, 0.79633807E+003, 0.47013741E-003, 0.47013741E-003, 0.80567858E+003, 0.62578431E+003,
 0.52700000E+002, 0.29375000E+001, 0.29375000E+001, 0.30250000E+001, 0.00000000E+000, 0.00000000E+000, 0.80856445E+003, 0.79664292E+003, 0.79719599E+003, 0.12086164E+004, 0.00000000E+000, 0.79658416E+003, 0.00000000E+000, 0.81203861E+003, 0.79634051E+003, 0.46934738E-003, 0.46934738E-003, 0.80567857E+003, 0.62577527E+003,
 0.52800000E+002, 0.29375000E+001, 0.29375000E+001, 0.30250000E+001, 0.00000000E+000, 0.00000000E+000, 0.80857141E+003, 0.79664465E+003, 0.79719653E+003, 0.12086236E+004, 0.00000000E+000, 0.79658601E+003, 0.00000000E+000, 0.81204383E+003, 0.79634293E+003, 0.46856002E-003, 0.46856002E-003, 0.80567856E+003, 0.62576622E+003,
 0.52900000E+002, 0.29375000E+001, 0.29375000E+001, 0.30250000E+001, 0.00000000E+000, 0.00000000E+000, 0.80857836E+003, 0.79664636E+003, 0.79719706E+003, 0.12086308E+004, 0.00000000E+000, 0.79658784E+003, 0.00000000E+000, 0.81204899E+003, 0.79634534E+003, 0.46777528E-003, 0.46777528E-003, 0.80567854E+003, 0.62575718E+003,
 0.53000000E+002, 0.29375000E+001, 0.29375000E+001, 0.30250000E+001, 0.00000000E+000, 0.00000000E+000, 0.80858529E+003, 0.79664806E+003, 0.79719759E+003, 0.12086380E+004, 0.00000000E+000, 0.79658967E+003, 0.00000000E+000, 0.81205412E+003, 0.79634773E+003, 0.46699319E-003, 0.46699319E-003, 0.80567853E+003, 0.62574814E+003,
 0.53100000E+002, 0.29375000E+001, 0.29375000E+001, 0.30250000E+001, 0.00000000E+000, 0.00000000E+000, 0.80859220E+003, 0.79664975E+003, 0.79719811E+003, 0.12086451E+004, 0.00000000E+000, 0.79659148E+003, 0.00000000E+000, 0.81205921E+003, 0.79635012E+003, 0.46621372E-003, 0.46621372E-003, 0.80567852E+003, 0.62573909E+003,
 0.53200000E+002, 0.29375000E+001, 0.29375000E+001, 0.30250000E+001, 0.00000000E+000, 0.00000000E+000, 0.80859910E+003, 0.79665143E+003, 0.79719862E+003, 0.12086523E+004, 0.00000000E+000, 0.79659328E+003, 0.00000000E+000, 0.81206426E+003, 0.79635249E+003, 0.46543685E-003, 0.46543685E-003, 0.80567851E+003, 0.62573005E+003,
 0.53300000E+002, 0.29375000E+001, 0.29375000E+001, 0.30250000E+001, 0.00000000E+000, 0.00000000E+000, 0.80860598E+003, 0.79665311E+003, 0.79719913E+003, 0.12086594E+004, 0.00000000E+000, 0.79659508E+003, 0.00000000E+000, 0.81206926E+003, 0.79635484E+003, 0.46466259E-003, 0.46466259E-003, 0.80567850E+003, 0.62572101E+003,
 0.53400000E+002, 0.29375000E+001, 0.29375000E+001, 0.30250000E+001, 0.00000000E+000, 0.00000000E+000, 0.80861285E+003, 0.79665477E+003, 0.79719963E+003, 0.12086665E+004, 0.00000000E+000, 0.79659686E+003, 0.00000000E+000, 0.81207423E+003, 0.79635719E+003, 0.46389092E-003, 0.46389092E-003, 0.80567849E+003, 0.62571197E+003,
 0.53500000E+002, 0.29375000E+001, 0.29375000E+001, 0.30250000E+001, 0.00000000E+000, 0.00000000E+000, 0.80861970E+003, 0.79665642E+003, 0.79720013E+003, 0.12086736E+004, 0.00000000E+000, 0.79659863E+003, 0.00000000E+000, 0.81207915E+003, 0.79635952E+003, 0.46312178E-003, 0.46312178E-003, 0.80567848E+003, 0.62570293E+003,
 0.53600000E+002, 0.29375000E+001, 0.29375000E+001, 0.30250000E+001, 0.00000000E+000, 0.00000000E+000, 0.80862653E+003, 0.79665806E+003, 0.79720062E+003, 0.12086807E+004, 0.00000000E+000, 0.79660039E+003, 0.00000000E+000, 0.81208404E+003, 0.79636184E+003, 0.46235522E-003, 0.46235522E-003, 0.80567847E+003, 0.62569388E+003,
 0.53700000E+002, 0.29375000E+001, 0.29375000E+001, 0.30250000E+001, 0.00000000E+000, 0.00000000E+000, 0.80863335E+003, 0.79665969E+003, 0.79720110E+003, 0.12086877E+004, 0.00000000E+000, 0.79660214E+003, 0.00000000E+000, 0.81208889E+003, 0.79636415E+003, 0.46159119E-003, 0.46159119E-003, 0.80567846E+003, 0.62568484E+003,
 0.53800000E+002, 0.29375000E+001, 0.29375000E+001, 0.30250000E+001, 0.00000000E+000, 0.00000000E+000, 0.80864015E+003, 0.79666131E+003, 0.79720158E+003, 0.12086947E+004, 0.00000000E+000, 0.79660388E+003, 0.00000000E+000, 0.81209370E+003, 0.79636645E+003, 0.46082969E-003, 0.46082969E-003, 0.80567845E+003, 0.62567580E+003,
 0.53900000E+002, 0.29375000E+001, 0.29375000E+001, 0.30250000E+001, 0.00000000E+000, 0.00000000E+000, 0.80864694E+003, 0.79666293E+003, 0.79720205E+003, 0.12087018E+004, 0.00000000E+000, 0.79660561E+003, 0.00000000E+000, 0.81209847E+003, 0.79636873E+003, 0.46007072E-003, 0.46007072E-003, 0.80567845E+003, 0.62566676E+003,
 0.54000000E+002, 0.29375000E+001, 0.29375000E+001, 0.30250000E+001, 0.00000000E+000, 0.00000000E+000, 0.80865371E+003, 0.79666453E+003, 0.79720252E+003, 0.12087088E+004, 0.00000000E+000, 0.79660733E+003, 0.00000000E+000, 0.81210320E+003, 0.79637100E+003, 0.45931424E-003, 0.45931424E-003, 0.80567844E+003, 0.62565772E+003,
 0.54100000E+002, 0.29375000E+001, 0.29375000E+001, 0.30250000E+001, 0.00000000E+000, 0.00000000E+000, 0.80866046E+003, 0.79666612E+003, 0.79720298E+003, 0.12087157E+004, 0.00000000E+000, 0.79660904E+003, 0.00000000E+000, 0.81210790E+003, 0.79637326E+003, 0.45856026E-003, 0.45856026E-003, 0.80567843E+003, 0.62564868E+003,
 0.54200000E+002, 0.29375000E+001, 0.29375000E+001, 0.30250000E+001, 0.00000000E+000, 0.00000000E+000, 0.80866720E+003, 0.79666771E+003, 0.79720344E+003, 0.12087227E+004, 0.00000000E+000, 0.79661074E+003, 0.00000000E+000, 0.81211256E+003, 0.79637551E+003, 0.45780875E-003, 0.45780875E-003, 0.80567843E+003, 0.62563964E+003,
 0.54300000E+002, 0.29375000E+001, 0.29375000E+001, 0.30250000E+001, 0.00000000E+000, 0.00000000E+000, 0.80867392E+003, 0.79666928E+003, 0.79720389E+003, 0.12087296E+004, 0.00000000E+000, 0.79661243E+003, 0.00000000E+000, 0.81211718E+003, 0.79637775E+003, 0.45705972E-003, 0.45705972E-003, 0.80567842E+003, 0.62563061E+003,
 0.54400000E+002, 0.29375000E+001, 0.29375000E+001, 0.30250000E+001, 0.00000000E+000, 0.00000000E+000, 0.80868063E+003, 0.79667085E+003, 0.79720433E+003, 0.12087366E+004, 0.00000000E+000, 0.79661411E+003, 0.00000000E+000, 0.81212176E+003, 0.79637997E+003, 0.45631315E-003, 0.45631315E-003, 0.80567842E+003, 0.62562157E+003,
 0.54500000E+002, 0.29375000E+001, 0.29375000E+001, 0.30250000E+001, 0.00000000E+000, 0.00000000E+000, 0.80868732E+003, 0.79667240E+003, 0.79720477E+003, 0.12087435E+004, 0.00000000E+000, 0.79661578E+003, 0.00000000E+000, 0.81212631E+003, 0.79638218E+003, 0.45556903E-003, 0.45556903E-003, 0.80567842E+003, 0.62561253E+003,
 0.54600000E+002, 0.29375000E+001, 0.29375000E+001, 0.30250000E+001, 0.00000000E+000, 0.00000000E+000, 0.80869400E+003, 0.79667395E+003, 0.79720521E+003, 0.12087504E+004, 0.00000000E+000, 0.79661745E+003, 0.00000000E+000, 0.81213082E+003, 0.79638438E+003, 0.45482733E-003, 0.45482733E-003, 0.80567841E+003, 0.62560349E+003,
 0.54700000E+002, 0.29375000E+001, 0.29375000E+001, 0.30250000E+001, 0.00000000E+000, 0.00000000E+000, 0.80870066E+003, 0.79667549E+003, 0.79720564E+003, 0.12087572E+004, 0.00000000E+000, 0.79661910E+003, 0.00000000E+000, 0.81213530E+003, 0.79638657E+003, 0.45408805E-003, 0.45408805E-003, 0.80567841E+003, 0.62559445E+003,
 0.54800000E+002, 0.29375000E+001, 0.29375000E+001, 0.30250000E+001, 0.00000000E+000, 0.00000000E+000, 0.80870730E+003, 0.79667702E+003, 0.79720606E+003, 0.12087641E+004, 0.00000000E+000, 0.79662074E+003, 0.00000000E+000, 0.81213974E+003, 0.79638875E+003, 0.45335107E-003, 0.45335107E-003, 0.80567841E+003, 0.62558542E+003,
 0.54900000E+002, 0.29375000E+001, 0.29375000E+001, 0.30250000E+001, 0.00000000E+000, 0.00000000E+000, 0.80871393E+003, 0.79667854E+003, 0.79720648E+003, 0.12087709E+004, 0.00000000E+000, 0.79662237E+003, 0.00000000E+000, 0.81214414E+003, 0.79639091E+003, 0.45261661E-003, 0.45261661E-003, 0.80567841E+003, 0.62557638E+003,
 0.55000000E+002, 0.29375000E+001, 0.29375000E+001, 0.30250000E+001, 0.00000000E+000, 0.00000000E+000, 0.80872054E+003, 0.79668005E+003, 0.79720689E+003, 0.12087778E+004, 0.00000000E+000, 0.79662400E+003, 0.00000000E+000, 0.81214851E+003, 0.79639307E+003, 0.45188451E-003, 0.45188451E-003, 0.80567841E+003, 0.62556735E+003,
 0.55100000E+002, 0.29375000E+001, 0.29375000E+001, 0.30250000E+001, 0.00000000E+000, 0.00000000E+000, 0.80872714E+003, 0.79668155E+003, 0.79720730E+003, 0.12087846E+004, 0.00000000E+000, 0.79662561E+003, 0.00000000E+000, 0.81215285E+003, 0.79639521E+003, 0.45115480E-003, 0.45115480E-003, 0.80567841E+003, 0.62555831E+003,
 0.55200000E+002, 0.29375000E+001, 0.29375000E+001, 0.30250000E+001, 0.00000000E+000, 0.00000000E+000, 0.80873372E+003, 0.79668304E+003, 0.79720771E+003, 0.12087913E+004, 0.00000000E+000, 0.79662722E+003, 0.00000000E+000, 0.81215715E+003, 0.79639734E+003, 0.45042745E-003, 0.45042745E-003, 0.80567842E+003, 0.62554928E+003,
 0.55300000E+002, 0.29375000E+001, 0.29375000E+001, 0.30250000E+001, 0.00000000E+000, 0.00000000E+000, 0.80874029E+003, 0.79668452E+003, 0.79720811E+003, 0.12087981E+004, 0.00000000E+000, 0.79662881E+003, 0.00000000E+000, 0.81216142E+003, 0.79639946E+003, 0.44970250E-003, 0.44970250E-003, 0.80567842E+003, 0.62554025E+003,
 0.55400000E+002, 0.29375000E+001, 0.29375000E+001, 0.30250000E+001, 0.00000000E+000, 0.00000000E+000, 0.80874684E+003, 0.79668600E+003, 0.79720850E+003, 0.12088049E+004, 0.00000000E+000, 0.79663040E+003, 0.00000000E+000, 0.81216565E+003, 0.79640157E+003, 0.44898001E-003, 0.44898001E-003, 0.80567842E+003, 0.62553121E+003,
 0.55500000E+002, 0.29375000E+001, 0.29375000E+001, 0.30250000E+001, 0.00000000E+000, 0.00000000E+000, 0.80875337E+003, 0.79668747E+003, 0.79720889E+003, 0.12088116E+004, 0.00000000E+000, 0.79663198E+003, 0.00000000E+000, 0.81216985E+003, 0.79640367E+003, 0.44825993E-003, 0.44825993E-003, 0.80567843E+003, 0.62552218E+003,
 0.55600000E+002, 0.29375000E+001, 0.29375000E+001, 0.30250000E+001, 0.00000000E+000, 0.00000000E+000, 0.80875989E+003, 0.79668892E+003, 0.79720927E+003, 0.12088183E+004, 0.00000000E+000, 0.79663354E+003, 0.00000000E+000, 0.81217402E+003, 0.79640576E+003, 0.44754225E-003, 0.44754225E-003, 0.80567843E+003, 0.62551315E+003,
 0.55700000E+002, 0.29375000E+001, 0.29375000E+001, 0.30250000E+001, 0.00000000E+000, 0.00000000E+000, 0.80876639E+003, 0.79669037E+003, 0.79720965E+003, 0.12088250E+004, 0.00000000E+000, 0.79663510E+003, 0.00000000E+000, 0.81217816E+003, 0.79640783E+003, 0.44682694E-003, 0.44682694E-003, 0.80567844E+003, 0.62550412E+003,
 0.55800000E+002, 0.29375000E+001, 0.29375000E+001, 0.30250000E+001, 0.00000000E+000, 0.00000000E+000, 0.80877288E+003, 0.79669181E+003, 0.79721003E+003, 0.12088317E+004, 0.00000000E+000, 0.79663665E+003, 0.00000000E+000, 0.81218226E+003, 0.79640990E+003, 0.44611401E-003, 0.44611401E-003, 0.80567845E+003, 0.62549509E+003,
 0.55900000E+002, 0.29375000E+001, 0.29375000E+001, 0.30250000E+001, 0.00000000E+000, 0.00000000E+000, 0.80877935E+003, 0.79669324E+003, 0.79721040E+003, 0.12088383E+004, 0.00000000E+000, 0.79663820E+003, 0.00000000E+000, 0.81218633E+003, 0.79641195E+003, 0.44540344E-003, 0.44540344E-003, 0.80567846E+003, 0.62548606E+003,
 0.56000000E+002, 0.29375000E+001, 0.29375000E+001, 0.30250000E+001, 0.00000000E+000, 0.00000000E+000, 0.80878581E+003, 0.79669467E+003, 0.79721077E+003, 0.12088450E+004, 0.00000000E+000, 0.79663973E+003, 0.00000000E+000, 0.81219036E+003, 0.79641399E+003, 0.44469523E-003, 0.44469523E-003, 0.80567847E+003, 0.62547704E+003,
 0.56100000E+002, 0.29375000E+001, 0.29375000E+001, 0.30250000E+001, 0.00000000E+000, 0.00000000E+000, 0.80879225E+003, 0.79669608E+003, 0.79721113E+003, 0.12088516E+004, 0.00000000E+000, 0.79664125E+003, 0.00000000E+000, 0.81219437E+003, 0.79641603E+003, 0.44398935E-003, 0.44398935E-003, 0.80567848E+003, 0.62546801E+003,
 0.56200000E+002, 0.29375000E+001, 0.29375000E+001, 0.30250000E+001, 0.00000000E+000, 0.00000000E+000, 0.80879868E+003, 0.79669749E+003, 0.79721149E+003, 0.12088582E+004, 0.00000000E+000, 0.79664277E+003, 0.00000000E+000, 0.81219834E+003, 0.79641805E+003, 0.44328580E-003, 0.44328580E-003, 0.80567849E+003, 0.62545899E+003,
 0.56300000E+002, 0.29375000E+001, 0.29375000E+001, 0.30250000E+001, 0.00000000E+000, 0.00000000E+000, 0.80880509E+003, 0.79669889E+003, 0.79721184E+003, 0.12088648E+004, 0.00000000E+000, 0.79664428E+003, 0.00000000E+000, 0.81220229E+003, 0.79642006E+003, 0.44258456E-003, 0.44258456E-003, 0.80567850E+003, 0.62544997E+003,
 0.56400000E+002, 0.29375000E+001, 0.29375000E+001, 0.30250000E+001, 0.00000000E+000, 0.00000000E+000, 0.80881148E+003, 0.79670028E+003, 0.79721219E+003, 0.12088714E+004, 0.00000000E+000, 0.79664578E+003, 0.00000000E+000, 0.81220620E+003, 0.79642206E+003, 0.44188564E-003, 0.44188564E-003, 0.80567851E+003, 0.62544094E+003,
 0.56500000E+002, 0.29375000E+001, 0.29375000E+001, 0.30250000E+001, 0.00000000E+000, 0.00000000E+000, 0.80881786E+003, 0.79670166E+003, 0.79721253E+003, 0.12088779E+004, 0.00000000E+000, 0.79664727E+003, 0.00000000E+000, 0.81221008E+003, 0.79642405E+003, 0.44118901E-003, 0.44118901E-003, 0.80567853E+003, 0.62543192E+003,
 0.56600000E+002, 0.29375000E+001, 0.29375000E+001, 0.30250000E+001, 0.00000000E+000, 0.00000000E+000, 0.80882422E+003, 0.79670304E+003, 0.79721287E+003, 0.12088845E+004, 0.00000000E+000, 0.79664875E+003, 0.00000000E+000, 0.81221393E+003, 0.79642603E+003, 0.44049464E-003, 0.44049464E-003, 0.80567854E+003, 0.62542290E+003,
 0.56700000E+002, 0.29375000E+001, 0.29375000E+001, 0.30250000E+001, 0.00000000E+000, 0.00000000E+000, 0.80883057E+003, 0.79670441E+003, 0.79721321E+003, 0.12088910E+004, 0.00000000E+000, 0.79665022E+003, 0.00000000E+000, 0.81221775E+003, 0.79642800E+003, 0.43980253E-003, 0.43980253E-003, 0.80567855E+003, 0.62541388E+003,
 0.56800000E+002, 0.29375000E+001, 0.29375000E+001, 0.30250000E+001, 0.00000000E+000, 0.00000000E+000, 0.80883690E+003, 0.79670577E+003, 0.79721354E+003, 0.12088975E+004, 0.00000000E+000, 0.79665169E+003, 0.00000000E+000, 0.81222155E+003, 0.79642995E+003, 0.43911269E-003, 0.43911269E-003, 0.80567857E+003, 0.62540486E+003,
 0.56900000E+002, 0.29375000E+001, 0.29375000E+001, 0.30250000E+001, 0.00000000E+000, 0.00000000E+000, 0.80884322E+003, 0.79670712E+003, 0.79721387E+003, 0.12089040E+004, 0.00000000E+000, 0.79665314E+003, 0.00000000E+000, 0.81222531E+003, 0.79643190E+003, 0.43842509E-003, 0.43842509E-003, 0.80567859E+003, 0.62539584E+003,
 0.57000000E+002, 0.29375000E+001, 0.29375000E+001, 0.30250000E+001, 0.00000000E+000, 0.00000000E+000, 0.80884953E+003, 0.79670846E+003, 0.79721419E+003, 0.12089104E+004, 0.00000000E+000, 0.79665459E+003, 0.00000000E+000, 0.81222904E+003, 0.79643384E+003, 0.43773975E-003, 0.43773975E-003, 0.80567860E+003, 0.62538682E+003,
 0.57100000E+002, 0.29375000E+001, 0.29375000E+001, 0.30250000E+001, 0.00000000E+000, 0.00000000E+000, 0.80885581E+003, 0.79670980E+003, 0.79721451E+003, 0.12089169E+004, 0.00000000E+000, 0.79665603E+003, 0.00000000E+000, 0.81223275E+003, 0.79643577E+003, 0.43705652E-003, 0.43705652E-003, 0.80567862E+003, 0.62537780E+003,
 0.57200000E+002, 0.29375000E+001, 0.29375000E+001, 0.30250000E+001, 0.00000000E+000, 0.00000000E+000, 0.80886208E+003, 0.79671112E+003, 0.79721483E+003, 0.12089233E+004, 0.00000000E+000, 0.79665746E+003, 0.00000000E+000, 0.81223642E+003, 0.79643769E+003, 0.43637562E-003, 0.43637562E-003, 0.80567864E+003, 0.62536879E+003,
 0.57300000E+002, 0.29375000E+001, 0.29375000E+001, 0.30250000E+001, 0.00000000E+000, 0.00000000E+000, 0.80886834E+003, 0.79671244E+003, 0.79721514E+003, 0.12089297E+004, 0.00000000E+000, 0.79665889E+003, 0.00000000E+000, 0.81224007E+003, 0.79643959E+003, 0.43569692E-003, 0.43569692E-003, 0.80567866E+003, 0.62535977E+003,
 0.57400000E+002, 0.29375000E+001, 0.29375000E+001, 0.30250000E+001, 0.00000000E+000, 0.00000000E+000, 0.80887458E+003, 0.79671376E+003, 0.79721545E+003, 0.12089361E+004, 0.00000000E+000, 0.79666030E+003, 0.00000000E+000, 0.81224369E+003, 0.79644149E+003, 0.43502042E-003, 0.43502042E-003, 0.80567868E+003, 0.62535076E+003,
 0.57500000E+002, 0.29375000E+001, 0.29375000E+001, 0.30250000E+001, 0.00000000E+000, 0.00000000E+000, 0.80888081E+003, 0.79671506E+003, 0.79721576E+003, 0.12089425E+004, 0.00000000E+000, 0.79666171E+003, 0.00000000E+000, 0.81224728E+003, 0.79644338E+003, 0.43434609E-003, 0.43434609E-003, 0.80567871E+003, 0.62534175E+003,
 0.57600000E+002, 0.29375000E+001, 0.29375000E+001, 0.30250000E+001, 0.00000000E+000, 0.00000000E+000, 0.80888702E+003, 0.79671636E+003, 0.79721606E+003, 0.12089489E+004, 0.00000000E+000, 0.79666311E+003, 0.00000000E+000, 0.81225084E+003, 0.79644526E+003, 0.43367394E-003, 0.43367394E-003, 0.80567873E+003, 0.62533274E+003,
 0.57700000E+002, 0.29375000E+001, 0.29375000E+001, 0.30250000E+001, 0.00000000E+000, 0.00000000E+000, 0.80889322E+003, 0.79671765E+003, 0.79721635E+003, 0.12089552E+004, 0.00000000E+000, 0.79666450E+003, 0.00000000E+000, 0.81225438E+003, 0.79644713E+003, 0.43300396E-003, 0.43300396E-003, 0.80567876E+003, 0.62532373E+003,
 0.57800000E+002, 0.29375000E+001, 0.29375000E+001, 0.30250000E+001, 0.00000000E+000, 0.00000000E+000, 0.80889940E+003, 0.79671893E+003, 0.79721665E+003, 0.12089616E+004, 0.00000000E+000, 0.79666589E+003, 0.00000000E+000, 0.81225788E+003, 0.79644899E+003, 0.43233613E-003, 0.43233613E-003, 0.80567879E+003, 0.62531472E+003,
 0.57900000E+002, 0.29375000E+001, 0.29375000E+001, 0.30250000E+001, 0.00000000E+000, 0.00000000E+000, 0.80890556E+003, 0.79672021E+003, 0.79721694E+003, 0.12089679E+004, 0.00000000E+000, 0.79666727E+003, 0.00000000E+000, 0.81226136E+003, 0.79645083E+003, 0.43167044E-003, 0.43167044E-003, 0.80567881E+003, 0.62530572E+003,
 0.58000000E+002, 0.29375000E+001, 0.29375000E+001, 0.30250000E+001, 0.00000000E+000, 0.00000000E+000, 0.80891171E+003, 0.79672148E+003, 0.79721723E+003, 0.12089742E+004, 0.00000000E+000, 0.79666864E+003, 0.00000000E+000, 0.81226482E+003, 0.79645267E+003, 0.43100688E-003, 0.43100688E-003, 0.80567884E+003, 0.62529672E+003,
 0.58100000E+002, 0.29375000E+001, 0.29375000E+001, 0.30250000E+001, 0.00000000E+000, 0.00000000E+000, 0.80891785E+003, 0.79672274E+003, 0.79721751E+003, 0.12089805E+004, 0.00000000E+000, 0.79667000E+003, 0.00000000E+000, 0.81226825E+003, 0.79645450E+003, 0.43034542E-003, 0.43034542E-003, 0.80567887E+003, 0.62528772E+003,
 0.58200000E+002, 0.29375000E+001, 0.29375000E+001, 0.30250000E+001, 0.00000000E+000, 0.00000000E+000, 0.80892397E+003, 0.79672399E+003, 0.79721779E+003, 0.12089867E+004, 0.00000000E+000, 0.79667135E+003, 0.00000000E+000, 0.81227165E+003, 0.79645632E+003, 0.42968607E-003, 0.42968607E-003, 0.80567890E+003, 0.62527871E+003,
 0.58300000E+002, 0.29375000E+001, 0.29375000E+001, 0.30250000E+001, 0.00000000E+000, 0.00000000E+000, 0.80893008E+003, 0.79672524E+003, 0.79721807E+003, 0.12089930E+004, 0.00000000E+000, 0.79667270E+003, 0.00000000E+000, 0.81227503E+003, 0.79645813E+003, 0.42902883E-003, 0.42902883E-003, 0.80567892E+003, 0.62526971E+003,
 0.58400000E+002, 0.29375000E+001, 0.29375000E+001, 0.30250000E+001, 0.00000000E+000, 0.00000000E+000, 0.80893617E+003, 0.79672648E+003, 0.79721834E+003, 0.12089992E+004, 0.00000000E+000, 0.79667404E+003, 0.00000000E+000, 0.81227838E+003, 0.79645994E+003, 0.42837368E-003, 0.42837368E-003, 0.80567895E+003, 0.62526071E+003,
 0.58500000E+002, 0.29375000E+001, 0.29375000E+001, 0.30250000E+001, 0.00000000E+000, 0.00000000E+000, 0.80894225E+003, 0.79672771E+003, 0.79721861E+003, 0.12090054E+004, 0.00000000E+000, 0.79667537E+003, 0.00000000E+000, 0.81228171E+003, 0.79646173E+003, 0.42772049E-003, 0.42772049E-003, 0.80567898E+003, 0.62525170E+003,
 0.58600000E+002, 0.29375000E+001, 0.29375000E+001, 0.30250000E+001, 0.00000000E+000, 0.00000000E+000, 0.80894831E+003, 0.79672893E+003, 0.79721888E+003, 0.12090116E+004, 0.00000000E+000, 0.79667669E+003, 0.00000000E+000, 0.81228502E+003, 0.79646351E+003, 0.42706953E-003, 0.42706953E-003, 0.80567901E+003, 0.62524270E+003,
 0.58700000E+002, 0.29375000E+001, 0.29375000E+001, 0.30250000E+001, 0.00000000E+000, 0.00000000E+000, 0.80895435E+003, 0.79673015E+003, 0.79721914E+003, 0.12090178E+004, 0.00000000E+000, 0.79667801E+003, 0.00000000E+000, 0.81228829E+003, 0.79646528E+003, 0.42642063E-003, 0.42642063E-003, 0.80567905E+003, 0.62523370E+003,
 0.58800000E+002, 0.29375000E+001, 0.29375000E+001, 0.30250000E+001, 0.00000000E+000, 0.00000000E+000, 0.80896039E+003, 0.79673137E+003, 0.79721940E+003, 0.12090240E+004, 0.00000000E+000, 0.79667932E+003, 0.00000000E+000, 0.81229154E+003, 0.79646705E+003, 0.42577377E-003, 0.42577377E-003, 0.80567908E+003, 0.62522471E+003,
 0.58900000E+002, 0.29375000E+001, 0.29375000E+001, 0.30250000E+001, 0.00000000E+000, 0.00000000E+000, 0.80896640E+003, 0.79673257E+003, 0.79721966E+003, 0.12090301E+004, 0.00000000E+000, 0.79668063E+003, 0.00000000E+000, 0.81229477E+003, 0.79646880E+003, 0.42512895E-003, 0.42512895E-003, 0.80567912E+003, 0.62521571E+003,
 0.59000000E+002, 0.29375000E+001, 0.29375000E+001, 0.30250000E+001, 0.00000000E+000, 0.00000000E+000, 0.80897240E+003, 0.79673377E+003, 0.79721991E+003, 0.12090362E+004, 0.00000000E+000, 0.79668192E+003, 0.00000000E+000, 0.81229797E+003, 0.79647055E+003, 0.42448618E-003, 0.42448618E-003, 0.80567916E+003, 0.62520672E+003,
 0.59100000E+002, 0.29375000E+001, 0.29375000E+001, 0.30250000E+001, 0.00000000E+000, 0.00000000E+000, 0.80897839E+003, 0.79673496E+003, 0.79722016E+003, 0.12090423E+004, 0.00000000E+000, 0.79668321E+003, 0.00000000E+000, 0.81230115E+003, 0.79647229E+003, 0.42384546E-003, 0.42384546E-003, 0.80567920E+003, 0.62519773E+003,
 0.59200000E+002, 0.29375000E+001, 0.29375000E+001, 0.30250000E+001, 0.00000000E+000, 0.00000000E+000, 0.80898436E+003, 0.79673615E+003, 0.79722041E+003, 0.12090484E+004, 0.00000000E+000, 0.79668449E+003, 0.00000000E+000, 0.81230430E+003, 0.79647402E+003, 0.42320676E-003, 0.42320676E-003, 0.80567924E+003, 0.62518874E+003,
 0.59300000E+002, 0.29375000E+001, 0.29375000E+001, 0.30250000E+001, 0.00000000E+000, 0.00000000E+000, 0.80899032E+003, 0.79673732E+003, 0.79722065E+003, 0.12090545E+004, 0.00000000E+000, 0.79668577E+003, 0.00000000E+000, 0.81230744E+003, 0.79647574E+003, 0.42257003E-003, 0.42257003E-003, 0.80567928E+003, 0.62517975E+003,
 0.59400000E+002, 0.29375000E+001, 0.29375000E+001, 0.30250000E+001, 0.00000000E+000, 0.00000000E+000, 0.80899627E+003, 0.79673850E+003, 0.79722090E+003, 0.12090606E+004, 0.00000000E+000, 0.79668703E+003, 0.00000000E+000, 0.81231055E+003, 0.79647745E+003, 0.42193528E-003, 0.42193528E-003, 0.80567932E+003, 0.62517077E+003,
 0.59500000E+002, 0.29375000E+001, 0.29375000E+001, 0.30250000E+001, 0.00000000E+000, 0.00000000E+000, 0.80900220E+003, 0.79673966E+003, 0.79722113E+003, 0.12090666E+004, 0.00000000E+000, 0.79668830E+003, 0.00000000E+000, 0.81231363E+003, 0.79647915E+003, 0.42130253E-003, 0.42130253E-003, 0.80567936E+003, 0.62516178E+003,
 0.59600000E+002, 0.29375000E+001, 0.29375000E+001, 0.30250000E+001, 0.00000000E+000, 0.00000000E+000, 0.80900811E+003, 0.79674082E+003, 0.79722137E+003, 0.12090727E+004, 0.00000000E+000, 0.79668955E+003, 0.00000000E+000, 0.81231670E+003, 0.79648084E+003, 0.42067164E-003, 0.42067164E-003, 0.80567940E+003, 0.62515279E+003,
 0.59700000E+002, 0.29375000E+001, 0.29375000E+001, 0.30250000E+001, 0.00000000E+000, 0.00000000E+000, 0.80901401E+003, 0.79674197E+003, 0.79722160E+003, 0.12090787E+004, 0.00000000E+000, 0.79669080E+003, 0.00000000E+000, 0.81231974E+003, 0.79648253E+003, 0.42004288E-003, 0.42004288E-003, 0.80567944E+003, 0.62514381E+003,
 0.59800000E+002, 0.29375000E+001, 0.29375000E+001, 0.30250000E+001, 0.00000000E+000, 0.00000000E+000, 0.80901990E+003, 0.79674312E+003, 0.79722183E+003, 0.12090847E+004, 0.00000000E+000, 0.79669204E+003, 0.00000000E+000, 0.81232276E+003, 0.79648420E+003, 0.41941606E-003, 0.41941606E-003, 0.80567949E+003, 0.62513483E+003,
 0.59900000E+002, 0.29375000E+001, 0.29375000E+001, 0.30250000E+001, 0.00000000E+000, 0.00000000E+000, 0.80902577E+003, 0.79674426E+003, 0.79722206E+003, 0.12090907E+004, 0.00000000E+000, 0.79669327E+003, 0.00000000E+000, 0.81232576E+003, 0.79648587E+003, 0.41879118E-003, 0.41879118E-003, 0.80567953E+003, 0.62512585E+003,
 0.60000000E+002, 0.29375000E+001, 0.29375000E+001, 0.30250000E+001, 0.00000000E+000, 0.00000000E+000, 0.80903162E+003, 0.79674539E+003, 0.79722229E+003, 0.12090966E+004, 0.00000000E+000, 0.79669450E+003, 0.00000000E+000, 0.81232873E+003, 0.79648753E+003, 0.41816825E-003, 0.41816825E-003, 0.80567958E+003, 0.62511687E+003,
 0.60100000E+002, 0.29375000E+001, 0.29375000E+001, 0.30250000E+001, 0.00000000E+000, 0.00000000E+000, 0.80903747E+003, 0.79674652E+003, 0.79722251E+003, 0.12091026E+004, 0.00000000E+000, 0.79669572E+003, 0.00000000E+000, 0.81233168E+003, 0.79648918E+003, 0.41754726E-003, 0.41754726E-003, 0.80567963E+003, 0.62510789E+003,
 0.60200000E+002, 0.29375000E+001, 0.29375000E+001, 0.30250000E+001, 0.00000000E+000, 0.00000000E+000, 0.80904329E+003, 0.79674764E+003, 0.79722273E+003, 0.12091085E+004, 0.00000000E+000, 0.79669693E+003, 0.00000000E+000, 0.81233461E+003, 0.79649082E+003, 0.41692818E-003, 0.41692818E-003, 0.80567968E+003, 0.62509891E+003,
 0.60300000E+002, 0.29375000E+001, 0.29375000E+001, 0.30250000E+001, 0.00000000E+000, 0.00000000E+000, 0.80904911E+003, 0.79674876E+003, 0.79722295E+003, 0.12091144E+004, 0.00000000E+000, 0.79669814E+003, 0.00000000E+000, 0.81233752E+003, 0.79649246E+003, 0.41631099E-003, 0.41631099E-003, 0.80567973E+003, 0.62508994E+003,
 0.60400000E+002, 0.29375000E+001, 0.29375000E+001, 0.30250000E+001, 0.00000000E+000, 0.00000000E+000, 0.80905491E+003, 0.79674986E+003, 0.79722316E+003, 0.12091204E+004, 0.00000000E+000, 0.79669934E+003, 0.00000000E+000, 0.81234042E+003, 0.79649408E+003, 0.41569572E-003, 0.41569572E-003, 0.80567978E+003, 0.62508096E+003,
 0.60500000E+002, 0.29375000E+001, 0.29375000E+001, 0.30250000E+001, 0.00000000E+000, 0.00000000E+000, 0.80906069E+003, 0.79675097E+003, 0.79722337E+003, 0.12091262E+004, 0.00000000E+000, 0.79670054E+003, 0.00000000E+000, 0.81234329E+003, 0.79649570E+003, 0.41508222E-003, 0.41508222E-003, 0.80567983E+003, 0.62507199E+003,
 0.60600000E+002, 0.29375000E+001, 0.29375000E+001, 0.30250000E+001, 0.00000000E+000, 0.00000000E+000, 0.80906646E+003, 0.79675206E+003, 0.79722358E+003, 0.12091321E+004, 0.00000000E+000, 0.79670173E+003, 0.00000000E+000, 0.81234613E+003, 0.79649731E+003, 0.41447079E-003, 0.41447079E-003, 0.80567988E+003, 0.62506302E+003,
 0.60700000E+002, 0.29375000E+001, 0.29375000E+001, 0.30250000E+001, 0.00000000E+000, 0.00000000E+000, 0.80907222E+003, 0.79675316E+003, 0.79722379E+003, 0.12091380E+004, 0.00000000E+000, 0.79670291E+003, 0.00000000E+000, 0.81234896E+003, 0.79649891E+003, 0.41386121E-003, 0.41386121E-003, 0.80567994E+003, 0.62505405E+003,
 0.60800000E+002, 0.29375000E+001, 0.29375000E+001, 0.30250000E+001, 0.00000000E+000, 0.00000000E+000, 0.80907796E+003, 0.79675424E+003, 0.79722399E+003, 0.12091438E+004, 0.00000000E+000, 0.79670408E+003, 0.00000000E+000, 0.81235177E+003, 0.79650050E+003, 0.41325350E-003, 0.41325350E-003, 0.80567999E+003, 0.62504509E+003,
 0.60900000E+002, 0.29375000E+001, 0.29375000E+001, 0.30250000E+001, 0.00000000E+000, 0.00000000E+000, 0.80908369E+003, 0.79675532E+003, 0.79722420E+003, 0.12091496E+004, 0.00000000E+000, 0.79670525E+003, 0.00000000E+000, 0.81235456E+003, 0.79650209E+003, 0.41264767E-003, 0.41264767E-003, 0.80568005E+003, 0.62503612E+003,
 0.61000000E+002, 0.29375000E+001, 0.29375000E+001, 0.30250000E+001, 0.00000000E+000, 0.00000000E+000, 0.80908940E+003, 0.79675639E+003, 0.79722440E+003, 0.12091554E+004, 0.00000000E+000, 0.79670642E+003, 0.00000000E+000, 0.81235733E+003, 0.79650367E+003, 0.41204368E-003, 0.41204368E-003, 0.80568011E+003, 0.62502716E+003,
 0.61100000E+002, 0.29375000E+001, 0.29375000E+001, 0.30250000E+001, 0.00000000E+000, 0.00000000E+000, 0.80909510E+003, 0.79675746E+003, 0.79722459E+003, 0.12091612E+004, 0.00000000E+000, 0.79670758E+003, 0.00000000E+000, 0.81236008E+003, 0.79650524E+003, 0.41144153E-003, 0.41144153E-003, 0.80568017E+003, 0.62501820E+003,
 0.61200000E+002, 0.29375000E+001, 0.29375000E+001, 0.30250000E+001, 0.00000000E+000, 0.00000000E+000, 0.80910079E+003, 0.79675852E+003, 0.79722479E+003, 0.12091670E+004, 0.00000000E+000, 0.79670873E+003, 0.00000000E+000, 0.81236281E+003, 0.79650680E+003, 0.41084122E-003, 0.41084122E-003, 0.80568022E+003, 0.62500923E+003,
 0.61300000E+002, 0.29375000E+001, 0.29375000E+001, 0.30250000E+001, 0.00000000E+000, 0.00000000E+000, 0.80910646E+003, 0.79675958E+003, 0.79722498E+003, 0.12091728E+004, 0.00000000E+000, 0.79670987E+003, 0.00000000E+000, 0.81236552E+003, 0.79650835E+003, 0.41024272E-003, 0.41024272E-003, 0.80568028E+003, 0.62500027E+003,
 0.61400000E+002, 0.29375000E+001, 0.29375000E+001, 0.30250000E+001, 0.00000000E+000, 0.00000000E+000, 0.80911212E+003, 0.79676063E+003, 0.79722517E+003, 0.12091785E+004, 0.00000000E+000, 0.79671101E+003, 0.00000000E+000, 0.81236821E+003, 0.79650990E+003, 0.40964593E-003, 0.40964593E-003, 0.80568034E+003, 0.62499131E+003,
 0.61500000E+002, 0.29375000E+001, 0.29375000E+001, 0.30250000E+001, 0.00000000E+000, 0.00000000E+000, 0.80911777E+003, 0.79676167E+003, 0.79722536E+003, 0.12091843E+004, 0.00000000E+000, 0.79671215E+003, 0.00000000E+000, 0.81237089E+003, 0.79651144E+003, 0.40905111E-003, 0.40905111E-003, 0.80568041E+003, 0.62498236E+003,
 0.61600000E+002, 0.29375000E+001, 0.29375000E+001, 0.30250000E+001, 0.00000000E+000, 0.00000000E+000, 0.80912340E+003, 0.79676271E+003, 0.79722555E+003, 0.12091900E+004, 0.00000000E+000, 0.79671327E+003, 0.00000000E+000, 0.81237354E+003, 0.79651297E+003, 0.40845808E-003, 0.40845808E-003, 0.80568047E+003, 0.62497340E+003,
 0.61700000E+002, 0.29375000E+001, 0.29375000E+001, 0.30250000E+001, 0.00000000E+000, 0.00000000E+000, 0.80912901E+003, 0.79676375E+003, 0.79722573E+003, 0.12091957E+004, 0.00000000E+000, 0.79671439E+003, 0.00000000E+000, 0.81237618E+003, 0.79651449E+003, 0.40786685E-003, 0.40786685E-003, 0.80568054E+003, 0.62496445E+003,
 0.61800000E+002, 0.29375000E+001, 0.29375000E+001, 0.30250000E+001, 0.00000000E+000, 0.00000000E+000, 0.80913461E+003, 0.79676478E+003, 0.79722591E+003, 0.12092014E+004, 0.00000000E+000, 0.79671551E+003, 0.00000000E+000, 0.81237879E+003, 0.79651601E+003, 0.40727741E-003, 0.40727741E-003, 0.80568061E+003, 0.62495550E+003,
 0.61900000E+002, 0.29375000E+001, 0.29375000E+001, 0.30250000E+001, 0.00000000E+000, 0.00000000E+000, 0.80914020E+003, 0.79676580E+003, 0.79722609E+003, 0.12092070E+004, 0.00000000E+000, 0.79671662E+003, 0.00000000E+000, 0.81238140E+003, 0.79651751E+003, 0.40668971E-003, 0.40668971E-003, 0.80568067E+003, 0.62494655E+003,
 0.62000000E+002, 0.29375000E+001, 0.29375000E+001, 0.30250000E+001, 0.00000000E+000, 0.00000000E+000, 0.80914578E+003, 0.79676682E+003, 0.79722627E+003, 0.12092127E+004, 0.00000000E+000, 0.79671773E+003, 0.00000000E+000, 0.81238398E+003, 0.79651901E+003, 0.40610379E-003, 0.40610379E-003, 0.80568074E+003, 0.62493760E+003,
 0.62100000E+002, 0.29375000E+001, 0.29375000E+001, 0.30250000E+001, 0.00000000E+000, 0.00000000E+000, 0.80915134E+003, 0.79676783E+003, 0.79722645E+003, 0.12092183E+004, 0.00000000E+000, 0.79671882E+003, 0.00000000E+000, 0.81238655E+003, 0.79652051E+003, 0.40551951E-003, 0.40551951E-003, 0.80568080E+003, 0.62492865E+003,
 0.62200000E+002, 0.29375000E+001, 0.29375000E+001, 0.30250000E+001, 0.00000000E+000, 0.00000000E+000, 0.80915689E+003, 0.79676884E+003, 0.79722662E+003, 0.12092240E+004, 0.00000000E+000, 0.79671992E+003, 0.00000000E+000, 0.81238910E+003, 0.79652199E+003, 0.40493716E-003, 0.40493716E-003, 0.80568087E+003, 0.62491971E+003,
 0.62300000E+002, 0.29375000E+001, 0.29375000E+001, 0.30250000E+001, 0.00000000E+000, 0.00000000E+000, 0.80916242E+003, 0.79676984E+003, 0.79722679E+003, 0.12092296E+004, 0.00000000E+000, 0.79672101E+003, 0.00000000E+000, 0.81239163E+003, 0.79652347E+003, 0.40435655E-003, 0.40435655E-003, 0.80568094E+003, 0.62491076E+003,
 0.62400000E+002, 0.29375000E+001, 0.29375000E+001, 0.30250000E+001, 0.00000000E+000, 0.00000000E+000, 0.80916794E+003, 0.79677084E+003, 0.79722696E+003, 0.12092352E+004, 0.00000000E+000, 0.79672209E+003, 0.00000000E+000, 0.81239415E+003, 0.79652494E+003, 0.40377770E-003, 0.40377770E-003, 0.80568102E+003, 0.62490182E+003,
 0.62500000E+002, 0.29375000E+001, 0.29375000E+001, 0.30250000E+001, 0.00000000E+000, 0.00000000E+000, 0.80917345E+003, 0.79677183E+003, 0.79722713E+003, 0.12092408E+004, 0.00000000E+000, 0.79672316E+003, 0.00000000E+000, 0.81239664E+003, 0.79652641E+003, 0.40320055E-003, 0.40320055E-003, 0.80568109E+003, 0.62489288E+003,
 0.62600000E+002, 0.29375000E+001, 0.29375000E+001, 0.30250000E+001, 0.00000000E+000, 0.00000000E+000, 0.80917894E+003, 0.79677281E+003, 0.79722729E+003, 0.12092463E+004, 0.00000000E+000, 0.79672424E+003, 0.00000000E+000, 0.81239912E+003, 0.79652787E+003, 0.40262513E-003, 0.40262513E-003, 0.80568117E+003, 0.62488395E+003,
 0.62700000E+002, 0.29375000E+001, 0.29375000E+001, 0.30250000E+001, 0.00000000E+000, 0.00000000E+000, 0.80918442E+003, 0.79677380E+003, 0.79722746E+003, 0.12092519E+004, 0.00000000E+000, 0.79672530E+003, 0.00000000E+000, 0.81240159E+003, 0.79652932E+003, 0.40205141E-003, 0.40205141E-003, 0.80568124E+003, 0.62487501E+003,
 0.62800000E+002, 0.29375000E+001, 0.29375000E+001, 0.30250000E+001, 0.00000000E+000, 0.00000000E+000, 0.80918989E+003, 0.79677477E+003, 0.79722762E+003, 0.12092574E+004, 0.00000000E+000, 0.79672636E+003, 0.00000000E+000, 0.81240404E+003, 0.79653076E+003, 0.40147941E-003, 0.40147941E-003, 0.80568132E+003, 0.62486607E+003,
 0.62900000E+002, 0.29375000E+001, 0.29375000E+001, 0.30250000E+001, 0.00000000E+000, 0.00000000E+000, 0.80919534E+003, 0.79677574E+003, 0.79722778E+003, 0.12092629E+004, 0.00000000E+000, 0.79672742E+003, 0.00000000E+000, 0.81240648E+003, 0.79653219E+003, 0.40090901E-003, 0.40090901E-003, 0.80568139E+003, 0.62485714E+003,
 0.63000000E+002, 0.29375000E+001, 0.29375000E+001, 0.30250000E+001, 0.00000000E+000, 0.00000000E+000, 0.80920078E+003, 0.79677671E+003, 0.79722794E+003, 0.12092684E+004, 0.00000000E+000, 0.79672847E+003, 0.00000000E+000, 0.81240890E+003, 0.79653362E+003, 0.40034043E-003, 0.40034043E-003, 0.80568147E+003, 0.62484820E+003,
 0.63100000E+002, 0.29375000E+001, 0.29375000E+001, 0.30250000E+001, 0.00000000E+000, 0.00000000E+000, 0.80920621E+003, 0.79677767E+003, 0.79722810E+003, 0.12092739E+004, 0.00000000E+000, 0.79672951E+003, 0.00000000E+000, 0.81241130E+003, 0.79653505E+003, 0.39977355E-003, 0.39977355E-003, 0.80568155E+003, 0.62483927E+003,
 0.63200000E+002, 0.29375000E+001, 0.29375000E+001, 0.30250000E+001, 0.00000000E+000, 0.00000000E+000, 0.80921162E+003, 0.79677863E+003, 0.79722825E+003, 0.12092794E+004, 0.00000000E+000, 0.79673055E+003, 0.00000000E+000, 0.81241368E+003, 0.79653646E+003, 0.39920834E-003, 0.39920834E-003, 0.80568163E+003, 0.62483035E+003,
 0.63300000E+002, 0.29375000E+001, 0.29375000E+001, 0.30250000E+001, 0.00000000E+000, 0.00000000E+000, 0.80921702E+003, 0.79677958E+003, 0.79722841E+003, 0.12092849E+004, 0.00000000E+000, 0.79673158E+003, 0.00000000E+000, 0.81241605E+003, 0.79653787E+003, 0.39864481E-003, 0.39864481E-003, 0.80568172E+003, 0.62482142E+003,
 0.63400000E+002, 0.29375000E+001, 0.29375000E+001, 0.30250000E+001, 0.00000000E+000, 0.00000000E+000, 0.80922241E+003, 0.79678053E+003, 0.79722856E+003, 0.12092903E+004, 0.00000000E+000, 0.79673261E+003, 0.00000000E+000, 0.81241841E+003, 0.79653927E+003, 0.39808293E-003, 0.39808293E-003, 0.80568180E+003, 0.62481250E+003,
 0.63500000E+002, 0.29375000E+001, 0.29375000E+001, 0.30250000E+001, 0.00000000E+000, 0.00000000E+000, 0.80922778E+003, 0.79678147E+003, 0.79722871E+003, 0.12092958E+004, 0.00000000E+000, 0.79673364E+003, 0.00000000E+000, 0.81242075E+003, 0.79654067E+003, 0.39752256E-003, 0.39752256E-003, 0.80568188E+003, 0.62480357E+003,
 0.63600000E+002, 0.29375000E+001, 0.29375000E+001, 0.30250000E+001, 0.00000000E+000, 0.00000000E+000, 0.80923314E+003, 0.79678241E+003, 0.79722886E+003, 0.12093012E+004, 0.00000000E+000, 0.79673466E+003, 0.00000000E+000, 0.81242308E+003, 0.79654206E+003, 0.39696404E-003, 0.39696404E-003, 0.80568197E+003, 0.62479465E+003,
 0.63700000E+002, 0.29375000E+001, 0.29375000E+001, 0.30250000E+001, 0.00000000E+000, 0.00000000E+000, 0.80923849E+003, 0.79678334E+003, 0.79722901E+003, 0.12093066E+004, 0.00000000E+000, 0.79673567E+003, 0.00000000E+000, 0.81242540E+003, 0.79654344E+003, 0.39640715E-003, 0.39640715E-003, 0.80568205E+003, 0.62478573E+003,
 0.63800000E+002, 0.29375000E+001, 0.29375000E+001, 0.30250000E+001, 0.00000000E+000, 0.00000000E+000, 0.80924382E+003, 0.79678427E+003, 0.79722915E+003, 0.12093120E+004, 0.00000000E+000, 0.79673668E+003, 0.00000000E+000, 0.81242769E+003, 0.79654481E+003, 0.39585191E-003, 0.39585191E-003, 0.80568214E+003, 0.62477681E+003,
 0.63900000E+002, 0.29375000E+001, 0.29375000E+001, 0.30250000E+001, 0.00000000E+000, 0.00000000E+000, 0.80924914E+003, 0.79678519E+003, 0.79722930E+003, 0.12093174E+004, 0.00000000E+000, 0.79673768E+003, 0.00000000E+000, 0.81242998E+003, 0.79654618E+003, 0.39529830E-003, 0.39529830E-003, 0.80568223E+003, 0.62476789E+003,
 0.64000000E+002, 0.29375000E+001, 0.29375000E+001, 0.30250000E+001, 0.00000000E+000, 0.00000000E+000, 0.80925445E+003, 0.79678611E+003, 0.79722944E+003, 0.12093227E+004, 0.00000000E+000, 0.79673868E+003, 0.00000000E+000, 0.81243225E+003, 0.79654754E+003, 0.39474628E-003, 0.39474628E-003, 0.80568232E+003, 0.62475898E+003,
 0.64100000E+002, 0.29375000E+001, 0.29375000E+001, 0.30250000E+001, 0.00000000E+000, 0.00000000E+000, 0.80925975E+003, 0.79678702E+003, 0.79722958E+003, 0.12093281E+004, 0.00000000E+000, 0.79673968E+003, 0.00000000E+000, 0.81243450E+003, 0.79654890E+003, 0.39419587E-003, 0.39419587E-003, 0.80568241E+003, 0.62475006E+003,
 0.64200000E+002, 0.29375000E+001, 0.29375000E+001, 0.30250000E+001, 0.00000000E+000, 0.00000000E+000, 0.80926503E+003, 0.79678793E+003, 0.79722972E+003, 0.12093334E+004, 0.00000000E+000, 0.79674067E+003, 0.00000000E+000, 0.81243675E+003, 0.79655025E+003, 0.39364696E-003, 0.39364696E-003, 0.80568250E+003, 0.62474115E+003,
 0.64300000E+002, 0.29375000E+001, 0.29375000E+001, 0.30250000E+001, 0.00000000E+000, 0.00000000E+000, 0.80927030E+003, 0.79678884E+003, 0.79722986E+003, 0.12093387E+004, 0.00000000E+000, 0.79674165E+003, 0.00000000E+000, 0.81243898E+003, 0.79655159E+003, 0.39309982E-003, 0.39309982E-003, 0.80568260E+003, 0.62473224E+003,
 0.64400000E+002, 0.29375000E+001, 0.29375000E+001, 0.30250000E+001, 0.00000000E+000, 0.00000000E+000, 0.80927555E+003, 0.79678974E+003, 0.79722999E+003, 0.12093440E+004, 0.00000000E+000, 0.79674263E+003, 0.00000000E+000, 0.81244119E+003, 0.79655293E+003, 0.39255426E-003, 0.39255426E-003, 0.80568269E+003, 0.62472333E+003,
 0.64500000E+002, 0.29375000E+001, 0.29375000E+001, 0.30250000E+001, 0.00000000E+000, 0.00000000E+000, 0.80928080E+003, 0.79679063E+003, 0.79723013E+003, 0.12093493E+004, 0.00000000E+000, 0.79674360E+003, 0.00000000E+000, 0.81244339E+003, 0.79655426E+003, 0.39201027E-003, 0.39201027E-003, 0.80568279E+003, 0.62471443E+003,
 0.64600000E+002, 0.29375000E+001, 0.29375000E+001, 0.30250000E+001, 0.00000000E+000, 0.00000000E+000, 0.80928603E+003, 0.79679153E+003, 0.79723026E+003, 0.12093546E+004, 0.00000000E+000, 0.79674458E+003, 0.00000000E+000, 0.81244558E+003, 0.79655558E+003, 0.39146785E-003, 0.39146785E-003, 0.80568289E+003, 0.62470552E+003,
 0.64700000E+002, 0.29375000E+001, 0.29375000E+001, 0.30250000E+001, 0.00000000E+000, 0.00000000E+000, 0.80929124E+003, 0.79679241E+003, 0.79723040E+003, 0.12093599E+004, 0.00000000E+000, 0.79674554E+003, 0.00000000E+000, 0.81244776E+003, 0.79655690E+003, 0.39092704E-003, 0.39092704E-003, 0.80568298E+003, 0.62469662E+003,
 0.64800000E+002, 0.29375000E+001, 0.29375000E+001, 0.30250000E+001, 0.00000000E+000, 0.00000000E+000, 0.80929645E+003, 0.79679330E+003, 0.79723053E+003, 0.12093651E+004, 0.00000000E+000, 0.79674650E+003, 0.00000000E+000, 0.81244992E+003, 0.79655821E+003, 0.39038763E-003, 0.39038763E-003, 0.80568308E+003, 0.62468772E+003,
 0.64900000E+002, 0.29375000E+001, 0.29375000E+001, 0.30250000E+001, 0.00000000E+000, 0.00000000E+000, 0.80930164E+003, 0.79679418E+003, 0.79723066E+003, 0.12093703E+004, 0.00000000E+000, 0.79674746E+003, 0.00000000E+000, 0.81245207E+003, 0.79655952E+003, 0.38984994E-003, 0.38984994E-003, 0.80568318E+003, 0.62467882E+003,
 0.65000000E+002, 0.29375000E+001, 0.29375000E+001, 0.30250000E+001, 0.00000000E+000, 0.00000000E+000, 0.80930682E+003, 0.79679505E+003, 0.79723079E+003, 0.12093756E+004, 0.00000000E+000, 0.79674841E+003, 0.00000000E+000, 0.81245421E+003, 0.79656082E+003, 0.38931381E-003, 0.38931381E-003, 0.80568328E+003, 0.62466992E+003,
 0.65100000E+002, 0.29375000E+001, 0.29375000E+001, 0.30250000E+001, 0.00000000E+000, 0.00000000E+000, 0.80931199E+003, 0.79679592E+003, 0.79723091E+003, 0.12093808E+004, 0.00000000E+000, 0.79674936E+003, 0.00000000E+000, 0.81245634E+003, 0.79656211E+003, 0.38877921E-003, 0.38877921E-003, 0.80568339E+003, 0.62466103E+003,
 0.65200000E+002, 0.29375000E+001, 0.29375000E+001, 0.30250000E+001, 0.00000000E+000, 0.00000000E+000, 0.80931714E+003, 0.79679679E+003, 0.79723104E+003, 0.12093860E+004, 0.00000000E+000, 0.79675030E+003, 0.00000000E+000, 0.81245845E+003, 0.79656340E+003, 0.38824610E-003, 0.38824610E-003, 0.80568349E+003, 0.62465213E+003,
 0.65300000E+002, 0.29375000E+001, 0.29375000E+001, 0.30250000E+001, 0.00000000E+000, 0.00000000E+000, 0.80932228E+003, 0.79679765E+003, 0.79723116E+003, 0.12093911E+004, 0.00000000E+000, 0.79675124E+003, 0.00000000E+000, 0.81246055E+003, 0.79656468E+003, 0.38771454E-003, 0.38771454E-003, 0.80568359E+003, 0.62464324E+003,
 0.65400000E+002, 0.29375000E+001, 0.29375000E+001, 0.30250000E+001, 0.00000000E+000, 0.00000000E+000, 0.80932741E+003, 0.79679851E+003, 0.79723129E+003, 0.12093963E+004, 0.00000000E+000, 0.79675217E+003, 0.00000000E+000, 0.81246264E+003, 0.79656596E+003, 0.38718437E-003, 0.38718437E-003, 0.80568370E+003, 0.62463435E+003,
 0.65500000E+002, 0.29375000E+001, 0.29375000E+001, 0.30250000E+001, 0.00000000E+000, 0.00000000E+000, 0.80933253E+003, 0.79679936E+003, 0.79723141E+003, 0.12094015E+004, 0.00000000E+000, 0.79675310E+003, 0.00000000E+000, 0.81246472E+003, 0.79656723E+003, 0.38665589E-003, 0.38665589E-003, 0.80568381E+003, 0.62462546E+003,
 0.65600000E+002, 0.29375000E+001, 0.29375000E+001, 0.30250000E+001, 0.00000000E+000, 0.00000000E+000, 0.80933763E+003, 0.79680021E+003, 0.79723153E+003, 0.12094066E+004, 0.00000000E+000, 0.79675403E+003, 0.00000000E+000, 0.81246679E+003, 0.79656849E+003, 0.38612892E-003, 0.38612892E-003, 0.80568392E+003, 0.62461657E+003,
 0.65700000E+002, 0.29375000E+001, 0.29375000E+001, 0.30250000E+001, 0.00000000E+000, 0.00000000E+000, 0.80934273E+003, 0.79680106E+003, 0.79723165E+003, 0.12094117E+004, 0.00000000E+000, 0.79675495E+003, 0.00000000E+000, 0.81246884E+003, 0.79656975E+003, 0.38560343E-003, 0.38560343E-003, 0.80568403E+003, 0.62460769E+003,
 0.65800000E+002, 0.29375000E+001, 0.29375000E+001, 0.30250000E+001, 0.00000000E+000, 0.00000000E+000, 0.80934780E+003, 0.79680190E+003, 0.79723177E+003, 0.12094168E+004, 0.00000000E+000, 0.79675587E+003, 0.00000000E+000, 0.81247089E+003, 0.79657100E+003, 0.38507941E-003, 0.38507941E-003, 0.80568414E+003, 0.62459880E+003,
 0.65900000E+002, 0.29375000E+001, 0.29375000E+001, 0.30250000E+001, 0.00000000E+000, 0.00000000E+000, 0.80935287E+003, 0.79680274E+003, 0.79723189E+003, 0.12094219E+004, 0.00000000E+000, 0.79675678E+003, 0.00000000E+000, 0.81247292E+003, 0.79657225E+003, 0.38455672E-003, 0.38455672E-003, 0.80568425E+003, 0.62458992E+003,
 0.66000000E+002, 0.29375000E+001, 0.29375000E+001, 0.30250000E+001, 0.00000000E+000, 0.00000000E+000, 0.80935793E+003, 0.79680357E+003, 0.79723201E+003, 0.12094270E+004, 0.00000000E+000, 0.79675769E+003, 0.00000000E+000, 0.81247494E+003, 0.79657349E+003, 0.38403573E-003, 0.38403573E-003, 0.80568436E+003, 0.62458104E+003,
 0.66100000E+002, 0.29375000E+001, 0.29375000E+001, 0.30250000E+001, 0.00000000E+000, 0.00000000E+000, 0.80936297E+003, 0.79680440E+003, 0.79723212E+003, 0.12094321E+004, 0.00000000E+000, 0.79675859E+003, 0.00000000E+000, 0.81247695E+003, 0.79657473E+003, 0.38351620E-003, 0.38351620E-003, 0.80568447E+003, 0.62457216E+003,
 0.66200000E+002, 0.29375000E+001, 0.29375000E+001, 0.30250000E+001, 0.00000000E+000, 0.00000000E+000, 0.80936800E+003, 0.79680523E+003, 0.79723224E+003, 0.12094371E+004, 0.00000000E+000, 0.79675949E+003, 0.00000000E+000, 0.81247895E+003, 0.79657596E+003, 0.38299814E-003, 0.38299814E-003, 0.80568459E+003, 0.62456329E+003,
 0.66300000E+002, 0.29375000E+001, 0.29375000E+001, 0.30250000E+001, 0.00000000E+000, 0.00000000E+000, 0.80937302E+003, 0.79680605E+003, 0.79723235E+003, 0.12094422E+004, 0.00000000E+000, 0.79676039E+003, 0.00000000E+000, 0.81248094E+003, 0.79657719E+003, 0.38248151E-003, 0.38248151E-003, 0.80568471E+003, 0.62455441E+003,
 0.66400000E+002, 0.29375000E+001, 0.29375000E+001, 0.30250000E+001, 0.00000000E+000, 0.00000000E+000, 0.80937802E+003, 0.79680687E+003, 0.79723246E+003, 0.12094472E+004, 0.00000000E+000, 0.79676128E+003, 0.00000000E+000, 0.81248292E+003, 0.79657840E+003, 0.38196634E-003, 0.38196634E-003, 0.80568482E+003, 0.62454554E+003,
 0.66500000E+002, 0.29375000E+001, 0.29375000E+001, 0.30250000E+001, 0.00000000E+000, 0.00000000E+000, 0.80938302E+003, 0.79680769E+003, 0.79723258E+003, 0.12094522E+004, 0.00000000E+000, 0.79676217E+003, 0.00000000E+000, 0.81248489E+003, 0.79657962E+003, 0.38145250E-003, 0.38145250E-003, 0.80568494E+003, 0.62453667E+003,
 0.66600000E+002, 0.29375000E+001, 0.29375000E+001, 0.30250000E+001, 0.00000000E+000, 0.00000000E+000, 0.80938800E+003, 0.79680850E+003, 0.79723269E+003, 0.12094572E+004, 0.00000000E+000, 0.79676305E+003, 0.00000000E+000, 0.81248685E+003, 0.79658083E+003, 0.38094030E-003, 0.38094030E-003, 0.80568506E+003, 0.62452780E+003,
 0.66700000E+002, 0.29375000E+001, 0.29375000E+001, 0.30250000E+001, 0.00000000E+000, 0.00000000E+000, 0.80939297E+003, 0.79680931E+003, 0.79723280E+003, 0.12094622E+004, 0.00000000E+000, 0.79676393E+003, 0.00000000E+000, 0.81248880E+003, 0.79658203E+003, 0.38042953E-003, 0.38042953E-003, 0.80568518E+003, 0.62451893E+003,
 0.66800000E+002, 0.29375000E+001, 0.29375000E+001, 0.30250000E+001, 0.00000000E+000, 0.00000000E+000, 0.80939793E+003, 0.79681011E+003, 0.79723290E+003, 0.12094671E+004, 0.00000000E+000, 0.79676481E+003, 0.00000000E+000, 0.81249073E+003, 0.79658323E+003, 0.37992017E-003, 0.37992017E-003, 0.80568531E+003, 0.62451007E+003,
 0.66900000E+002, 0.29375000E+001, 0.29375000E+001, 0.30250000E+001, 0.00000000E+000, 0.00000000E+000, 0.80940287E+003, 0.79681091E+003, 0.79723301E+003, 0.12094721E+004, 0.00000000E+000, 0.79676568E+003, 0.00000000E+000, 0.81249266E+003, 0.79658442E+003, 0.37941221E-003, 0.37941221E-003, 0.80568543E+003, 0.62450120E+003,
 0.67000000E+002, 0.29375000E+001, 0.29375000E+001, 0.30250000E+001, 0.00000000E+000, 0.00000000E+000, 0.80940781E+003, 0.79681171E+003, 0.79723312E+003, 0.12094770E+004, 0.00000000E+000, 0.79676655E+003, 0.00000000E+000, 0.81249458E+003, 0.79658561E+003, 0.37890555E-003, 0.37890555E-003, 0.80568555E+003, 0.62449234E+003,
 0.67100000E+002, 0.29375000E+001, 0.29375000E+001, 0.30250000E+001, 0.00000000E+000, 0.00000000E+000, 0.80941273E+003, 0.79681250E+003, 0.79723323E+003, 0.12094820E+004, 0.00000000E+000, 0.79676742E+003, 0.00000000E+000, 0.81249649E+003, 0.79658679E+003, 0.37840051E-003, 0.37840051E-003, 0.80568568E+003, 0.62448348E+003,
 0.67200000E+002, 0.29375000E+001, 0.29375000E+001, 0.30250000E+001, 0.00000000E+000, 0.00000000E+000, 0.80941764E+003, 0.79681329E+003, 0.79723333E+003, 0.12094869E+004, 0.00000000E+000, 0.79676828E+003, 0.00000000E+000, 0.81249839E+003, 0.79658797E+003, 0.37789686E-003, 0.37789686E-003, 0.80568580E+003, 0.62447462E+003,
 0.67300000E+002, 0.29375000E+001, 0.29375000E+001, 0.30250000E+001, 0.00000000E+000, 0.00000000E+000, 0.80942254E+003, 0.79681408E+003, 0.79723343E+003, 0.12094918E+004, 0.00000000E+000, 0.79676913E+003, 0.00000000E+000, 0.81250028E+003, 0.79658914E+003, 0.37739460E-003, 0.37739460E-003, 0.80568593E+003, 0.62446576E+003,
 0.67400000E+002, 0.29375000E+001, 0.29375000E+001, 0.30250000E+001, 0.00000000E+000, 0.00000000E+000, 0.80942743E+003, 0.79681486E+003, 0.79723354E+003, 0.12094967E+004, 0.00000000E+000, 0.79676999E+003, 0.00000000E+000, 0.81250216E+003, 0.79659031E+003, 0.37689370E-003, 0.37689370E-003, 0.80568606E+003, 0.62445691E+003,
 0.67500000E+002, 0.29375000E+001, 0.29375000E+001, 0.30250000E+001, 0.00000000E+000, 0.00000000E+000, 0.80943230E+003, 0.79681564E+003, 0.79723364E+003, 0.12095016E+004, 0.00000000E+000, 0.79677084E+003, 0.00000000E+000, 0.81250404E+003, 0.79659147E+003, 0.37639407E-003, 0.37639407E-003, 0.80568619E+003, 0.62444806E+003,
 0.67600000E+002, 0.29375000E+001, 0.29375000E+001, 0.30250000E+001, 0.00000000E+000, 0.00000000E+000, 0.80943716E+003, 0.79681641E+003, 0.79723374E+003, 0.12095064E+004, 0.00000000E+000, 0.79677168E+003, 0.00000000E+000, 0.81250590E+003, 0.79659262E+003, 0.37589604E-003, 0.37589604E-003, 0.80568632E+003, 0.62443920E+003,
 0.67700000E+002, 0.29375000E+001, 0.29375000E+001, 0.30250000E+001, 0.00000000E+000, 0.00000000E+000, 0.80944202E+003, 0.79681719E+003, 0.79723384E+003, 0.12095113E+004, 0.00000000E+000, 0.79677252E+003, 0.00000000E+000, 0.81250775E+003, 0.79659378E+003, 0.37539938E-003, 0.37539938E-003, 0.80568646E+003, 0.62443035E+003,
 0.67800000E+002, 0.29375000E+001, 0.29375000E+001, 0.30250000E+001, 0.00000000E+000, 0.00000000E+000, 0.80944686E+003, 0.79681796E+003, 0.79723394E+003, 0.12095161E+004, 0.00000000E+000, 0.79677336E+003, 0.00000000E+000, 0.81250960E+003, 0.79659492E+003, 0.37490407E-003, 0.37490407E-003, 0.80568659E+003, 0.62442151E+003,
 0.67900000E+002, 0.29375000E+001, 0.29375000E+001, 0.30250000E+001, 0.00000000E+000, 0.00000000E+000, 0.80945168E+003, 0.79681872E+003, 0.79723404E+003, 0.12095209E+004, 0.00000000E+000, 0.79677420E+003, 0.00000000E+000, 0.81251143E+003, 0.79659606E+003, 0.37441011E-003, 0.37441011E-003, 0.80568673E+003, 0.62441266E+003,
 0.68000000E+002, 0.29375000E+001, 0.29375000E+001, 0.30250000E+001, 0.00000000E+000, 0.00000000E+000, 0.80945650E+003, 0.79681948E+003, 0.79723414E+003, 0.12095257E+004, 0.00000000E+000, 0.79677503E+003, 0.00000000E+000, 0.81251326E+003, 0.79659720E+003, 0.37391738E-003, 0.37391738E-003, 0.80568686E+003, 0.62440382E+003,
 0.68100000E+002, 0.29375000E+001, 0.29375000E+001, 0.30250000E+001, 0.00000000E+000, 0.00000000E+000, 0.80946131E+003, 0.79682024E+003, 0.79723424E+003, 0.12095306E+004, 0.00000000E+000, 0.79677585E+003, 0.00000000E+000, 0.81251508E+003, 0.79659833E+003, 0.37342622E-003, 0.37342622E-003, 0.80568700E+003, 0.62439497E+003,
 0.68200000E+002, 0.29375000E+001, 0.29375000E+001, 0.30250000E+001, 0.00000000E+000, 0.00000000E+000, 0.80946610E+003, 0.79682100E+003, 0.79723433E+003, 0.12095353E+004, 0.00000000E+000, 0.79677668E+003, 0.00000000E+000, 0.81251689E+003, 0.79659946E+003, 0.37293639E-003, 0.37293639E-003, 0.80568714E+003, 0.62438613E+003,
 0.68300000E+002, 0.29375000E+001, 0.29375000E+001, 0.30250000E+001, 0.00000000E+000, 0.00000000E+000, 0.80947088E+003, 0.79682175E+003, 0.79723443E+003, 0.12095401E+004, 0.00000000E+000, 0.79677750E+003, 0.00000000E+000, 0.81251869E+003, 0.79660058E+003, 0.37244790E-003, 0.37244790E-003, 0.80568728E+003, 0.62437730E+003,
 0.68400000E+002, 0.29375000E+001, 0.29375000E+001, 0.30250000E+001, 0.00000000E+000, 0.00000000E+000, 0.80947565E+003, 0.79682250E+003, 0.79723453E+003, 0.12095449E+004, 0.00000000E+000, 0.79677832E+003, 0.00000000E+000, 0.81252049E+003, 0.79660170E+003, 0.37196073E-003, 0.37196073E-003, 0.80568742E+003, 0.62436846E+003,
 0.68500000E+002, 0.29375000E+001, 0.29375000E+001, 0.30250000E+001, 0.00000000E+000, 0.00000000E+000, 0.80948041E+003, 0.79682324E+003, 0.79723462E+003, 0.12095496E+004, 0.00000000E+000, 0.79677913E+003, 0.00000000E+000, 0.81252227E+003, 0.79660281E+003, 0.37147476E-003, 0.37147476E-003, 0.80568756E+003, 0.62435962E+003,
 0.68600000E+002, 0.29375000E+001, 0.29375000E+001, 0.30250000E+001, 0.00000000E+000, 0.00000000E+000, 0.80948516E+003, 0.79682399E+003, 0.79723471E+003, 0.12095544E+004, 0.00000000E+000, 0.79677994E+003, 0.00000000E+000, 0.81252405E+003, 0.79660392E+003, 0.37099033E-003, 0.37099033E-003, 0.80568771E+003, 0.62435079E+003,
 0.68700000E+002, 0.29375000E+001, 0.29375000E+001, 0.30250000E+001, 0.00000000E+000, 0.00000000E+000, 0.80948990E+003, 0.79682473E+003, 0.79723481E+003, 0.12095591E+004, 0.00000000E+000, 0.79678075E+003, 0.00000000E+000, 0.81252582E+003, 0.79660502E+003, 0.37050722E-003, 0.37050722E-003, 0.80568785E+003, 0.62434196E+003,
 0.68800000E+002, 0.29375000E+001, 0.29375000E+001, 0.30250000E+001, 0.00000000E+000, 0.00000000E+000, 0.80949462E+003, 0.79682546E+003, 0.79723490E+003, 0.12095638E+004, 0.00000000E+000, 0.79678155E+003, 0.00000000E+000, 0.81252758E+003, 0.79660612E+003, 0.37002539E-003, 0.37002539E-003, 0.80568800E+003, 0.62433313E+003,
 0.68900000E+002, 0.29375000E+001, 0.29375000E+001, 0.30250000E+001, 0.00000000E+000, 0.00000000E+000, 0.80949934E+003, 0.79682620E+003, 0.79723499E+003, 0.12095685E+004, 0.00000000E+000, 0.79678235E+003, 0.00000000E+000, 0.81252934E+003, 0.79660722E+003, 0.36954470E-003, 0.36954470E-003, 0.80568814E+003, 0.62432430E+003,
 0.69000000E+002, 0.29375000E+001, 0.29375000E+001, 0.30250000E+001, 0.00000000E+000, 0.00000000E+000, 0.80950404E+003, 0.79682693E+003, 0.79723508E+003, 0.12095732E+004, 0.00000000E+000, 0.79678315E+003, 0.00000000E+000, 0.81253109E+003, 0.79660831E+003, 0.36906558E-003, 0.36906558E-003, 0.80568829E+003, 0.62431548E+003,
 0.69100000E+002, 0.29375000E+001, 0.29375000E+001, 0.30250000E+001, 0.00000000E+000, 0.00000000E+000, 0.80950873E+003, 0.79682765E+003, 0.79723517E+003, 0.12095779E+004, 0.00000000E+000, 0.79678394E+003, 0.00000000E+000, 0.81253282E+003, 0.79660939E+003, 0.36858774E-003, 0.36858774E-003, 0.80568844E+003, 0.62430665E+003,
 0.69200000E+002, 0.29375000E+001, 0.29375000E+001, 0.30250000E+001, 0.00000000E+000, 0.00000000E+000, 0.80951341E+003, 0.79682838E+003, 0.79723526E+003, 0.12095826E+004, 0.00000000E+000, 0.79678473E+003, 0.00000000E+000, 0.81253456E+003, 0.79661047E+003, 0.36811119E-003, 0.36811119E-003, 0.80568859E+003, 0.62429783E+003,
 0.69300000E+002, 0.29375000E+001, 0.29375000E+001, 0.30250000E+001, 0.00000000E+000, 0.00000000E+000, 0.80951808E+003, 0.79682910E+003, 0.79723535E+003, 0.12095872E+004, 0.00000000E+000, 0.79678551E+003, 0.00000000E+000, 0.81253628E+003, 0.79661155E+003, 0.36763590E-003, 0.36763590E-003, 0.80568874E+003, 0.62428901E+003,
 0.69400000E+002, 0.29375000E+001, 0.29375000E+001, 0.30250000E+001, 0.00000000E+000, 0.00000000E+000, 0.80952274E+003, 0.79682982E+003, 0.79723544E+003, 0.12095919E+004, 0.00000000E+000, 0.79678630E+003, 0.00000000E+000, 0.81253800E+003, 0.79661262E+003, 0.36716176E-003, 0.36716176E-003, 0.80568890E+003, 0.62428019E+003,
 0.69500000E+002, 0.29375000E+001, 0.29375000E+001, 0.30250000E+001, 0.00000000E+000, 0.00000000E+000, 0.80952739E+003, 0.79683053E+003, 0.79723553E+003, 0.12095965E+004, 0.00000000E+000, 0.79678708E+003, 0.00000000E+000, 0.81253971E+003, 0.79661369E+003, 0.36668913E-003, 0.36668913E-003, 0.80568905E+003, 0.62427137E+003,
 0.69600000E+002, 0.29375000E+001, 0.29375000E+001, 0.30250000E+001, 0.00000000E+000, 0.00000000E+000, 0.80953203E+003, 0.79683124E+003, 0.79723562E+003, 0.12096011E+004, 0.00000000E+000, 0.79678786E+003, 0.00000000E+000, 0.81254141E+003, 0.79661475E+003, 0.36621776E-003, 0.36621776E-003, 0.80568921E+003, 0.62426256E+003,
 0.69700000E+002, 0.29375000E+001, 0.29375000E+001, 0.30250000E+001, 0.00000000E+000, 0.00000000E+000, 0.80953665E+003, 0.79683195E+003, 0.79723570E+003, 0.12096057E+004, 0.00000000E+000, 0.79678863E+003, 0.00000000E+000, 0.81254311E+003, 0.79661581E+003, 0.36574763E-003, 0.36574763E-003, 0.80568936E+003, 0.62425375E+003,
 0.69800000E+002, 0.29375000E+001, 0.29375000E+001, 0.30250000E+001, 0.00000000E+000, 0.00000000E+000, 0.80954127E+003, 0.79683266E+003, 0.79723579E+003, 0.12096103E+004, 0.00000000E+000, 0.79678940E+003, 0.00000000E+000, 0.81254480E+003, 0.79661686E+003, 0.36527859E-003, 0.36527859E-003, 0.80568952E+003, 0.62424494E+003,
 0.69900000E+002, 0.29375000E+001, 0.29375000E+001, 0.30250000E+001, 0.00000000E+000, 0.00000000E+000, 0.80954587E+003, 0.79683336E+003, 0.79723587E+003, 0.12096149E+004, 0.00000000E+000, 0.79679017E+003, 0.00000000E+000, 0.81254648E+003, 0.79661791E+003, 0.36481107E-003, 0.36481107E-003, 0.80568968E+003, 0.62423613E+003,
 0.70000000E+002, 0.29375000E+001, 0.29375000E+001, 0.30250000E+001, 0.00000000E+000, 0.00000000E+000, 0.80955046E+003, 0.79683406E+003, 0.79723596E+003, 0.12096195E+004, 0.00000000E+000, 0.79679093E+003, 0.00000000E+000, 0.81254816E+003, 0.79661896E+003, 0.36434479E-003, 0.36434479E-003, 0.80568984E+003, 0.62422732E+003,
 0.70100000E+002, 0.29375000E+001, 0.29375000E+001, 0.30250000E+001, 0.00000000E+000, 0.00000000E+000, 0.80955505E+003, 0.79683476E+003, 0.79723604E+003, 0.12096241E+004, 0.00000000E+000, 0.79679169E+003, 0.00000000E+000, 0.81254983E+003, 0.79662000E+003, 0.36387976E-003, 0.36387976E-003, 0.80569000E+003, 0.62421852E+003,
 0.70200000E+002, 0.29375000E+001, 0.29375000E+001, 0.30250000E+001, 0.00000000E+000, 0.00000000E+000, 0.80955962E+003, 0.79683545E+003, 0.79723613E+003, 0.12096286E+004, 0.00000000E+000, 0.79679245E+003, 0.00000000E+000, 0.81255149E+003, 0.79662104E+003, 0.36341593E-003, 0.36341593E-003, 0.80569016E+003, 0.62420971E+003,
 0.70300000E+002, 0.29375000E+001, 0.29375000E+001, 0.30250000E+001, 0.00000000E+000, 0.00000000E+000, 0.80956418E+003, 0.79683615E+003, 0.79723621E+003, 0.12096332E+004, 0.00000000E+000, 0.79679321E+003, 0.00000000E+000, 0.81255315E+003, 0.79662207E+003, 0.36295321E-003, 0.36295321E-003, 0.80569033E+003, 0.62420091E+003,
 0.70400000E+002, 0.29375000E+001, 0.29375000E+001, 0.30250000E+001, 0.00000000E+000, 0.00000000E+000, 0.80956873E+003, 0.79683683E+003, 0.79723629E+003, 0.12096377E+004, 0.00000000E+000, 0.79679396E+003, 0.00000000E+000, 0.81255480E+003, 0.79662310E+003, 0.36249195E-003, 0.36249195E-003, 0.80569049E+003, 0.62419211E+003,
 0.70500000E+002, 0.29375000E+001, 0.29375000E+001, 0.30250000E+001, 0.00000000E+000, 0.00000000E+000, 0.80957327E+003, 0.79683752E+003, 0.79723637E+003, 0.12096422E+004, 0.00000000E+000, 0.79679471E+003, 0.00000000E+000, 0.81255644E+003, 0.79662413E+003, 0.36203191E-003, 0.36203191E-003, 0.80569066E+003, 0.62418331E+003,
 0.70600000E+002, 0.29375000E+001, 0.29375000E+001, 0.30250000E+001, 0.00000000E+000, 0.00000000E+000, 0.80957780E+003, 0.79683820E+003, 0.79723646E+003, 0.12096467E+004, 0.00000000E+000, 0.79679545E+003, 0.00000000E+000, 0.81255808E+003, 0.79662515E+003, 0.36157305E-003, 0.36157305E-003, 0.80569083E+003, 0.62417451E+003,
 0.70700000E+002, 0.29375000E+001, 0.29375000E+001, 0.30250000E+001, 0.00000000E+000, 0.00000000E+000, 0.80958232E+003, 0.79683889E+003, 0.79723654E+003, 0.12096512E+004, 0.00000000E+000, 0.79679620E+003, 0.00000000E+000, 0.81255971E+003, 0.79662616E+003, 0.36111526E-003, 0.36111526E-003, 0.80569099E+003, 0.62416572E+003,
 0.70800000E+002, 0.29375000E+001, 0.29375000E+001, 0.30250000E+001, 0.00000000E+000, 0.00000000E+000, 0.80958682E+003, 0.79683956E+003, 0.79723662E+003, 0.12096557E+004, 0.00000000E+000, 0.79679694E+003, 0.00000000E+000, 0.81256134E+003, 0.79662718E+003, 0.36065894E-003, 0.36065894E-003, 0.80569116E+003, 0.62415692E+003,
 0.70900000E+002, 0.29375000E+001, 0.29375000E+001, 0.30250000E+001, 0.00000000E+000, 0.00000000E+000, 0.80959132E+003, 0.79684024E+003, 0.79723670E+003, 0.12096602E+004, 0.00000000E+000, 0.79679767E+003, 0.00000000E+000, 0.81256295E+003, 0.79662818E+003, 0.36020380E-003, 0.36020380E-003, 0.80569133E+003, 0.62414813E+003,
 0.71000000E+002, 0.29375000E+001, 0.29375000E+001, 0.30250000E+001, 0.00000000E+000, 0.00000000E+000, 0.80959581E+003, 0.79684091E+003, 0.79723678E+003, 0.12096647E+004, 0.00000000E+000, 0.79679841E+003, 0.00000000E+000, 0.81256457E+003, 0.79662919E+003, 0.35974985E-003, 0.35974985E-003, 0.80569151E+003, 0.62413935E+003,
 0.71100000E+002, 0.29375000E+001, 0.29375000E+001, 0.30250000E+001, 0.00000000E+000, 0.00000000E+000, 0.80960028E+003, 0.79684158E+003, 0.79723686E+003, 0.12096691E+004, 0.00000000E+000, 0.79679914E+003, 0.00000000E+000, 0.81256618E+003, 0.79663019E+003, 0.35929690E-003, 0.35929690E-003, 0.80569168E+003, 0.62413056E+003,
 0.71200000E+002, 0.29375000E+001, 0.29375000E+001, 0.30250000E+001, 0.00000000E+000, 0.00000000E+000, 0.80960475E+003, 0.79684225E+003, 0.79723694E+003, 0.12096736E+004, 0.00000000E+000, 0.79679987E+003, 0.00000000E+000, 0.81256778E+003, 0.79663119E+003, 0.35884542E-003, 0.35884542E-003, 0.80569185E+003, 0.62412177E+003,
 0.71300000E+002, 0.29375000E+001, 0.29375000E+001, 0.30250000E+001, 0.00000000E+000, 0.00000000E+000, 0.80960920E+003, 0.79684291E+003, 0.79723702E+003, 0.12096780E+004, 0.00000000E+000, 0.79680060E+003, 0.00000000E+000, 0.81256938E+003, 0.79663218E+003, 0.35839512E-003, 0.35839512E-003, 0.80569203E+003, 0.62411299E+003,
 0.71400000E+002, 0.29375000E+001, 0.29375000E+001, 0.30250000E+001, 0.00000000E+000, 0.00000000E+000, 0.80961365E+003, 0.79684358E+003, 0.79723709E+003, 0.12096824E+004, 0.00000000E+000, 0.79680132E+003, 0.00000000E+000, 0.81257096E+003, 0.79663317E+003, 0.35794599E-003, 0.35794599E-003, 0.80569220E+003, 0.62410421E+003,
 0.71500000E+002, 0.29375000E+001, 0.29375000E+001, 0.30250000E+001, 0.00000000E+000, 0.00000000E+000, 0.80961808E+003, 0.79684424E+003, 0.79723717E+003, 0.12096869E+004, 0.00000000E+000, 0.79680204E+003, 0.00000000E+000, 0.81257255E+003, 0.79663415E+003, 0.35749802E-003, 0.35749802E-003, 0.80569238E+003, 0.62409542E+003,
 0.71600000E+002, 0.29375000E+001, 0.29375000E+001, 0.30250000E+001, 0.00000000E+000, 0.00000000E+000, 0.80962251E+003, 0.79684489E+003, 0.79723725E+003, 0.12096913E+004, 0.00000000E+000, 0.79680276E+003, 0.00000000E+000, 0.81257413E+003, 0.79663514E+003, 0.35705113E-003, 0.35705113E-003, 0.80569256E+003, 0.62408664E+003,
 0.71700000E+002, 0.29375000E+001, 0.29375000E+001, 0.30250000E+001, 0.00000000E+000, 0.00000000E+000, 0.80962692E+003, 0.79684555E+003, 0.79723733E+003, 0.12096957E+004, 0.00000000E+000, 0.79680347E+003, 0.00000000E+000, 0.81257571E+003, 0.79663611E+003, 0.35660561E-003, 0.35660561E-003, 0.80569274E+003, 0.62407787E+003,
 0.71800000E+002, 0.29375000E+001, 0.29375000E+001, 0.30250000E+001, 0.00000000E+000, 0.00000000E+000, 0.80963133E+003, 0.79684620E+003, 0.79723740E+003, 0.12097001E+004, 0.00000000E+000, 0.79680418E+003, 0.00000000E+000, 0.81257727E+003, 0.79663709E+003, 0.35616122E-003, 0.35616122E-003, 0.80569292E+003, 0.62406910E+003,
 0.71900000E+002, 0.29375000E+001, 0.29375000E+001, 0.30250000E+001, 0.00000000E+000, 0.00000000E+000, 0.80963572E+003, 0.79684685E+003, 0.79723748E+003, 0.12097044E+004, 0.00000000E+000, 0.79680489E+003, 0.00000000E+000, 0.81257884E+003, 0.79663806E+003, 0.35571797E-003, 0.35571797E-003, 0.80569310E+003, 0.62406032E+003,
 0.72000000E+002, 0.29375000E+001, 0.29375000E+001, 0.30250000E+001, 0.00000000E+000, 0.00000000E+000, 0.80964010E+003, 0.79684750E+003, 0.79723755E+003, 0.12097088E+004, 0.00000000E+000, 0.79680560E+003, 0.00000000E+000, 0.81258040E+003, 0.79663902E+003, 0.35527576E-003, 0.35527576E-003, 0.80569328E+003, 0.62405155E+003,
 0.72100000E+002, 0.29375000E+001, 0.29375000E+001, 0.30250000E+001, 0.00000000E+000, 0.00000000E+000, 0.80964448E+003, 0.79684814E+003, 0.79723763E+003, 0.12097132E+004, 0.00000000E+000, 0.79680630E+003, 0.00000000E+000, 0.81258195E+003, 0.79663999E+003, 0.35483493E-003, 0.35483493E-003, 0.80569347E+003, 0.62404278E+003,
 0.72200000E+002, 0.29375000E+001, 0.29375000E+001, 0.30250000E+001, 0.00000000E+000, 0.00000000E+000, 0.80964884E+003, 0.79684879E+003, 0.79723770E+003, 0.12097175E+004, 0.00000000E+000, 0.79680701E+003, 0.00000000E+000, 0.81258350E+003, 0.79664095E+003, 0.35439521E-003, 0.35439521E-003, 0.80569365E+003, 0.62403401E+003,
 0.72300000E+002, 0.29375000E+001, 0.29375000E+001, 0.30250000E+001, 0.00000000E+000, 0.00000000E+000, 0.80965319E+003, 0.79684943E+003, 0.79723778E+003, 0.12097219E+004, 0.00000000E+000, 0.79680771E+003, 0.00000000E+000, 0.81258504E+003, 0.79664190E+003, 0.35395660E-003, 0.35395660E-003, 0.80569384E+003, 0.62402525E+003,
 0.72400000E+002, 0.29375000E+001, 0.29375000E+001, 0.30250000E+001, 0.00000000E+000, 0.00000000E+000, 0.80965754E+003, 0.79685006E+003, 0.79723785E+003, 0.12097262E+004, 0.00000000E+000, 0.79680840E+003, 0.00000000E+000, 0.81258658E+003, 0.79664285E+003, 0.35351903E-003, 0.35351903E-003, 0.80569403E+003, 0.62401648E+003,
 0.72500000E+002, 0.29375000E+001, 0.29375000E+001, 0.30250000E+001, 0.00000000E+000, 0.00000000E+000, 0.80966187E+003, 0.79685070E+003, 0.79723793E+003, 0.12097305E+004, 0.00000000E+000, 0.79680910E+003, 0.00000000E+000, 0.81258811E+003, 0.79664380E+003, 0.35308281E-003, 0.35308281E-003, 0.80569421E+003, 0.62400772E+003,
 0.72600000E+002, 0.29375000E+001, 0.29375000E+001, 0.30250000E+001, 0.00000000E+000, 0.00000000E+000, 0.80966619E+003, 0.79685133E+003, 0.79723800E+003, 0.12097348E+004, 0.00000000E+000, 0.79680979E+003, 0.00000000E+000, 0.81258964E+003, 0.79664475E+003, 0.35264768E-003, 0.35264768E-003, 0.80569440E+003, 0.62399896E+003,
 0.72700000E+002, 0.29375000E+001, 0.29375000E+001, 0.30250000E+001, 0.00000000E+000, 0.00000000E+000, 0.80967051E+003, 0.79685196E+003, 0.79723807E+003, 0.12097391E+004, 0.00000000E+000, 0.79681048E+003, 0.00000000E+000, 0.81259117E+003, 0.79664569E+003, 0.35221365E-003, 0.35221365E-003, 0.80569459E+003, 0.62399020E+003,
 0.72800000E+002, 0.29375000E+001, 0.29375000E+001, 0.30250000E+001, 0.00000000E+000, 0.00000000E+000, 0.80967481E+003, 0.79685259E+003, 0.79723815E+003, 0.12097434E+004, 0.00000000E+000, 0.79681116E+003, 0.00000000E+000, 0.81259269E+003, 0.79664662E+003, 0.35178063E-003, 0.35178063E-003, 0.80569479E+003, 0.62398145E+003,
 0.72900000E+002, 0.29375000E+001, 0.29375000E+001, 0.30250000E+001, 0.00000000E+000, 0.00000000E+000, 0.80967910E+003, 0.79685322E+003, 0.79723822E+003, 0.12097477E+004, 0.00000000E+000, 0.79681185E+003, 0.00000000E+000, 0.81259420E+003, 0.79664756E+003, 0.35134896E-003, 0.35134896E-003, 0.80569498E+003, 0.62397269E+003,
 0.73000000E+002, 0.29375000E+001, 0.29375000E+001, 0.30250000E+001, 0.00000000E+000, 0.00000000E+000, 0.80968339E+003, 0.79685384E+003, 0.79723829E+003, 0.12097520E+004, 0.00000000E+000, 0.79681253E+003, 0.00000000E+000, 0.81259571E+003, 0.79664849E+003, 0.35091836E-003, 0.35091836E-003, 0.80569517E+003, 0.62396394E+003,
 0.73100000E+002, 0.29375000E+001, 0.29375000E+001, 0.30250000E+001, 0.00000000E+000, 0.00000000E+000, 0.80968766E+003, 0.79685446E+003, 0.79723836E+003, 0.12097562E+004, 0.00000000E+000, 0.79681321E+003, 0.00000000E+000, 0.81259722E+003, 0.79664942E+003, 0.35048864E-003, 0.35048864E-003, 0.80569537E+003, 0.62395519E+003,
 0.73200000E+002, 0.29375000E+001, 0.29375000E+001, 0.30250000E+001, 0.00000000E+000, 0.00000000E+000, 0.80969193E+003, 0.79685508E+003, 0.79723844E+003, 0.12097605E+004, 0.00000000E+000, 0.79681388E+003, 0.00000000E+000, 0.81259872E+003, 0.79665034E+003, 0.35006034E-003, 0.35006034E-003, 0.80569556E+003, 0.62394644E+003,
 0.73300000E+002, 0.29375000E+001, 0.29375000E+001, 0.30250000E+001, 0.00000000E+000, 0.00000000E+000, 0.80969618E+003, 0.79685570E+003, 0.79723851E+003, 0.12097647E+004, 0.00000000E+000, 0.79681456E+003, 0.00000000E+000, 0.81260022E+003, 0.79665126E+003, 0.34963312E-003, 0.34963312E-003, 0.80569576E+003, 0.62393769E+003,
 0.73400000E+002, 0.29375000E+001, 0.29375000E+001, 0.30250000E+001, 0.00000000E+000, 0.00000000E+000, 0.80970043E+003, 0.79685631E+003, 0.79723858E+003, 0.12097690E+004, 0.00000000E+000, 0.79681523E+003, 0.00000000E+000, 0.81260171E+003, 0.79665218E+003, 0.34920695E-003, 0.34920695E-003, 0.80569596E+003, 0.62392894E+003,
 0.73500000E+002, 0.29375000E+001, 0.29375000E+001, 0.30250000E+001, 0.00000000E+000, 0.00000000E+000, 0.80970466E+003, 0.79685693E+003, 0.79723865E+003, 0.12097732E+004, 0.00000000E+000, 0.79681590E+003, 0.00000000E+000, 0.81260320E+003, 0.79665309E+003, 0.34878169E-003, 0.34878169E-003, 0.80569615E+003, 0.62392020E+003,
 0.73600000E+002, 0.29375000E+001, 0.29375000E+001, 0.30250000E+001, 0.00000000E+000, 0.00000000E+000, 0.80970889E+003, 0.79685754E+003, 0.79723872E+003, 0.12097774E+004, 0.00000000E+000, 0.79681656E+003, 0.00000000E+000, 0.81260469E+003, 0.79665400E+003, 0.34835781E-003, 0.34835781E-003, 0.80569635E+003, 0.62391146E+003,
 0.73700000E+002, 0.29375000E+001, 0.29375000E+001, 0.30250000E+001, 0.00000000E+000, 0.00000000E+000, 0.80971310E+003, 0.79685814E+003, 0.79723879E+003, 0.12097816E+004, 0.00000000E+000, 0.79681723E+003, 0.00000000E+000, 0.81260616E+003, 0.79665491E+003, 0.34793500E-003, 0.34793500E-003, 0.80569656E+003, 0.62390272E+003,
 0.73800000E+002, 0.29375000E+001, 0.29375000E+001, 0.30250000E+001, 0.00000000E+000, 0.00000000E+000, 0.80971731E+003, 0.79685875E+003, 0.79723886E+003, 0.12097858E+004, 0.00000000E+000, 0.79681789E+003, 0.00000000E+000, 0.81260764E+003, 0.79665581E+003, 0.34751321E-003, 0.34751321E-003, 0.80569676E+003, 0.62389398E+003,
 0.73900000E+002, 0.29375000E+001, 0.29375000E+001, 0.30250000E+001, 0.00000000E+000, 0.00000000E+000, 0.80972151E+003, 0.79685935E+003, 0.79723893E+003, 0.12097900E+004, 0.00000000E+000, 0.79681855E+003, 0.00000000E+000, 0.81260911E+003, 0.79665671E+003, 0.34709234E-003, 0.34709234E-003, 0.80569696E+003, 0.62388524E+003,
 0.74000000E+002, 0.29375000E+001, 0.29375000E+001, 0.30250000E+001, 0.00000000E+000, 0.00000000E+000, 0.80972569E+003, 0.79685996E+003, 0.79723900E+003, 0.12097942E+004, 0.00000000E+000, 0.79681921E+003, 0.00000000E+000, 0.81261058E+003, 0.79665761E+003, 0.34667281E-003, 0.34667281E-003, 0.80569716E+003, 0.62387651E+003,
 0.74100000E+002, 0.29375000E+001, 0.29375000E+001, 0.30250000E+001, 0.00000000E+000, 0.00000000E+000, 0.80972987E+003, 0.79686056E+003, 0.79723907E+003, 0.12097984E+004, 0.00000000E+000, 0.79681986E+003, 0.00000000E+000, 0.81261204E+003, 0.79665850E+003, 0.34625434E-003, 0.34625434E-003, 0.80569737E+003, 0.62386778E+003,
 0.74200000E+002, 0.29375000E+001, 0.29375000E+001, 0.30250000E+001, 0.00000000E+000, 0.00000000E+000, 0.80973404E+003, 0.79686115E+003, 0.79723914E+003, 0.12098025E+004, 0.00000000E+000, 0.79682051E+003, 0.00000000E+000, 0.81261351E+003, 0.79665940E+003, 0.34583686E-003, 0.34583686E-003, 0.80569758E+003, 0.62385904E+003,
 0.74300000E+002, 0.29375000E+001, 0.29375000E+001, 0.30250000E+001, 0.00000000E+000, 0.00000000E+000, 0.80973820E+003, 0.79686175E+003, 0.79723921E+003, 0.12098067E+004, 0.00000000E+000, 0.79682117E+003, 0.00000000E+000, 0.81261496E+003, 0.79666028E+003, 0.34542033E-003, 0.34542033E-003, 0.80569778E+003, 0.62385031E+003,
 0.74400000E+002, 0.29375000E+001, 0.29375000E+001, 0.30250000E+001, 0.00000000E+000, 0.00000000E+000, 0.80974235E+003, 0.79686234E+003, 0.79723928E+003, 0.12098108E+004, 0.00000000E+000, 0.79682181E+003, 0.00000000E+000, 0.81261642E+003, 0.79666117E+003, 0.34500510E-003, 0.34500510E-003, 0.80569799E+003, 0.62384158E+003,
 0.74500000E+002, 0.29375000E+001, 0.29375000E+001, 0.30250000E+001, 0.00000000E+000, 0.00000000E+000, 0.80974649E+003, 0.79686293E+003, 0.79723935E+003, 0.12098150E+004, 0.00000000E+000, 0.79682246E+003, 0.00000000E+000, 0.81261786E+003, 0.79666205E+003, 0.34459088E-003, 0.34459088E-003, 0.80569820E+003, 0.62383286E+003,
 0.74600000E+002, 0.29375000E+001, 0.29375000E+001, 0.30250000E+001, 0.00000000E+000, 0.00000000E+000, 0.80975062E+003, 0.79686352E+003, 0.79723942E+003, 0.12098191E+004, 0.00000000E+000, 0.79682310E+003, 0.00000000E+000, 0.81261931E+003, 0.79666293E+003, 0.34417766E-003, 0.34417766E-003, 0.80569841E+003, 0.62382413E+003,
 0.74700000E+002, 0.29375000E+001, 0.29375000E+001, 0.30250000E+001, 0.00000000E+000, 0.00000000E+000, 0.80975474E+003, 0.79686411E+003, 0.79723948E+003, 0.12098232E+004, 0.00000000E+000, 0.79682375E+003, 0.00000000E+000, 0.81262076E+003, 0.79666380E+003, 0.34376539E-003, 0.34376539E-003, 0.80569862E+003, 0.62381541E+003,
 0.74800000E+002, 0.29375000E+001, 0.29375000E+001, 0.30250000E+001, 0.00000000E+000, 0.00000000E+000, 0.80975885E+003, 0.79686470E+003, 0.79723955E+003, 0.12098274E+004, 0.00000000E+000, 0.79682439E+003, 0.00000000E+000, 0.81262219E+003, 0.79666468E+003, 0.34335438E-003, 0.34335438E-003, 0.80569883E+003, 0.62380669E+003,
 0.74900000E+002, 0.29375000E+001, 0.29375000E+001, 0.30250000E+001, 0.00000000E+000, 0.00000000E+000, 0.80976296E+003, 0.79686528E+003, 0.79723962E+003, 0.12098315E+004, 0.00000000E+000, 0.79682502E+003, 0.00000000E+000, 0.81262363E+003, 0.79666554E+003, 0.34294435E-003, 0.34294435E-003, 0.80569905E+003, 0.62379797E+003,
 0.75000000E+002, 0.29375000E+001, 0.29375000E+001, 0.30250000E+001, 0.00000000E+000, 0.00000000E+000, 0.80976705E+003, 0.79686586E+003, 0.79723969E+003, 0.12098356E+004, 0.00000000E+000, 0.79682566E+003, 0.00000000E+000, 0.81262506E+003, 0.79666641E+003, 0.34253516E-003, 0.34253516E-003, 0.80569926E+003, 0.62378925E+003,
 0.75100000E+002, 0.29375000E+001, 0.29375000E+001, 0.30250000E+001, 0.00000000E+000, 0.00000000E+000, 0.80977114E+003, 0.79686644E+003, 0.79723976E+003, 0.12098397E+004, 0.00000000E+000, 0.79682629E+003, 0.00000000E+000, 0.81262649E+003, 0.79666727E+003, 0.34212729E-003, 0.34212729E-003, 0.80569947E+003, 0.62378054E+003,
 0.75200000E+002, 0.29375000E+001, 0.29375000E+001, 0.30250000E+001, 0.00000000E+000, 0.00000000E+000, 0.80977521E+003, 0.79686702E+003, 0.79723982E+003, 0.12098437E+004, 0.00000000E+000, 0.79682692E+003, 0.00000000E+000, 0.81262791E+003, 0.79666813E+003, 0.34172043E-003, 0.34172043E-003, 0.80569969E+003, 0.62377183E+003,
 0.75300000E+002, 0.29375000E+001, 0.29375000E+001, 0.30250000E+001, 0.00000000E+000, 0.00000000E+000, 0.80977928E+003, 0.79686760E+003, 0.79723989E+003, 0.12098478E+004, 0.00000000E+000, 0.79682755E+003, 0.00000000E+000, 0.81262933E+003, 0.79666899E+003, 0.34131451E-003, 0.34131451E-003, 0.80569991E+003, 0.62376311E+003,
 0.75400000E+002, 0.29375000E+001, 0.29375000E+001, 0.30250000E+001, 0.00000000E+000, 0.00000000E+000, 0.80978334E+003, 0.79686817E+003, 0.79723996E+003, 0.12098519E+004, 0.00000000E+000, 0.79682818E+003, 0.00000000E+000, 0.81263075E+003, 0.79666985E+003, 0.34090951E-003, 0.34090951E-003, 0.80570012E+003, 0.62375440E+003,
 0.75500000E+002, 0.29375000E+001, 0.29375000E+001, 0.30250000E+001, 0.00000000E+000, 0.00000000E+000, 0.80978739E+003, 0.79686874E+003, 0.79724003E+003, 0.12098559E+004, 0.00000000E+000, 0.79682880E+003, 0.00000000E+000, 0.81263217E+003, 0.79667070E+003, 0.34050577E-003, 0.34050577E-003, 0.80570034E+003, 0.62374569E+003,
 0.75600000E+002, 0.29375000E+001, 0.29375000E+001, 0.30250000E+001, 0.00000000E+000, 0.00000000E+000, 0.80979143E+003, 0.79686931E+003, 0.79724009E+003, 0.12098600E+004, 0.00000000E+000, 0.79682943E+003, 0.00000000E+000, 0.81263358E+003, 0.79667155E+003, 0.34010298E-003, 0.34010298E-003, 0.80570056E+003, 0.62373699E+003,
 0.75700000E+002, 0.29375000E+001, 0.29375000E+001, 0.30250000E+001, 0.00000000E+000, 0.00000000E+000, 0.80979546E+003, 0.79686988E+003, 0.79724016E+003, 0.12098640E+004, 0.00000000E+000, 0.79683005E+003, 0.00000000E+000, 0.81263499E+003, 0.79667239E+003, 0.33970097E-003, 0.33970097E-003, 0.80570078E+003, 0.62372828E+003,
 0.75800000E+002, 0.29375000E+001, 0.29375000E+001, 0.30250000E+001, 0.00000000E+000, 0.00000000E+000, 0.80979948E+003, 0.79687045E+003, 0.79724023E+003, 0.12098681E+004, 0.00000000E+000, 0.79683066E+003, 0.00000000E+000, 0.81263639E+003, 0.79667323E+003, 0.33930028E-003, 0.33930028E-003, 0.80570100E+003, 0.62371958E+003,
 0.75900000E+002, 0.29375000E+001, 0.29375000E+001, 0.30250000E+001, 0.00000000E+000, 0.00000000E+000, 0.80980349E+003, 0.79687101E+003, 0.79724029E+003, 0.12098721E+004, 0.00000000E+000, 0.79683128E+003, 0.00000000E+000, 0.81263779E+003, 0.79667407E+003, 0.33890057E-003, 0.33890057E-003, 0.80570122E+003, 0.62371088E+003,
 0.76000000E+002, 0.29375000E+001, 0.29375000E+001, 0.30250000E+001, 0.00000000E+000, 0.00000000E+000, 0.80980750E+003, 0.79687157E+003, 0.79724036E+003, 0.12098761E+004, 0.00000000E+000, 0.79683190E+003, 0.00000000E+000, 0.81263919E+003, 0.79667491E+003, 0.33850178E-003, 0.33850178E-003, 0.80570145E+003, 0.62370218E+003,
 0.76100000E+002, 0.29375000E+001, 0.29375000E+001, 0.30250000E+001, 0.00000000E+000, 0.00000000E+000, 0.80981149E+003, 0.79687213E+003, 0.79724043E+003, 0.12098801E+004, 0.00000000E+000, 0.79683251E+003, 0.00000000E+000, 0.81264059E+003, 0.79667574E+003, 0.33810385E-003, 0.33810385E-003, 0.80570167E+003, 0.62369348E+003,
 0.76200000E+002, 0.29375000E+001, 0.29375000E+001, 0.30250000E+001, 0.00000000E+000, 0.00000000E+000, 0.80981548E+003, 0.79687269E+003, 0.79724049E+003, 0.12098841E+004, 0.00000000E+000, 0.79683312E+003, 0.00000000E+000, 0.81264198E+003, 0.79667658E+003, 0.33770718E-003, 0.33770718E-003, 0.80570190E+003, 0.62368478E+003,
 0.76300000E+002, 0.29375000E+001, 0.29375000E+001, 0.30250000E+001, 0.00000000E+000, 0.00000000E+000, 0.80981945E+003, 0.79687325E+003, 0.79724056E+003, 0.12098881E+004, 0.00000000E+000, 0.79683373E+003, 0.00000000E+000, 0.81264337E+003, 0.79667740E+003, 0.33731143E-003, 0.33731143E-003, 0.80570212E+003, 0.62367609E+003,
 0.76400000E+002, 0.29375000E+001, 0.29375000E+001, 0.30250000E+001, 0.00000000E+000, 0.00000000E+000, 0.80982342E+003, 0.79687381E+003, 0.79724062E+003, 0.12098921E+004, 0.00000000E+000, 0.79683433E+003, 0.00000000E+000, 0.81264476E+003, 0.79667823E+003, 0.33691642E-003, 0.33691642E-003, 0.80570235E+003, 0.62366739E+003,
 0.76500000E+002, 0.29375000E+001, 0.29375000E+001, 0.30250000E+001, 0.00000000E+000, 0.00000000E+000, 0.80982738E+003, 0.79687436E+003, 0.79724069E+003, 0.12098961E+004, 0.00000000E+000, 0.79683494E+003, 0.00000000E+000, 0.81264614E+003, 0.79667905E+003, 0.33652273E-003, 0.33652273E-003, 0.80570257E+003, 0.62365870E+003,
 0.76600000E+002, 0.29375000E+001, 0.29375000E+001, 0.30250000E+001, 0.00000000E+000, 0.00000000E+000, 0.80983133E+003, 0.79687491E+003, 0.79724075E+003, 0.12099001E+004, 0.00000000E+000, 0.79683554E+003, 0.00000000E+000, 0.81264752E+003, 0.79667987E+003, 0.33612999E-003, 0.33612999E-003, 0.80570281E+003, 0.62365001E+003,
 0.76700000E+002, 0.29375000E+001, 0.29375000E+001, 0.30250000E+001, 0.00000000E+000, 0.00000000E+000, 0.80983528E+003, 0.79687546E+003, 0.79724082E+003, 0.12099040E+004, 0.00000000E+000, 0.79683614E+003, 0.00000000E+000, 0.81264890E+003, 0.79668069E+003, 0.33573814E-003, 0.33573814E-003, 0.80570303E+003, 0.62364132E+003,
 0.76800000E+002, 0.29375000E+001, 0.29375000E+001, 0.30250000E+001, 0.00000000E+000, 0.00000000E+000, 0.80983921E+003, 0.79687601E+003, 0.79724089E+003, 0.12099080E+004, 0.00000000E+000, 0.79683674E+003, 0.00000000E+000, 0.81265028E+003, 0.79668151E+003, 0.33534713E-003, 0.33534713E-003, 0.80570326E+003, 0.62363264E+003,
 0.76900000E+002, 0.29375000E+001, 0.29375000E+001, 0.30250000E+001, 0.00000000E+000, 0.00000000E+000, 0.80984314E+003, 0.79687656E+003, 0.79724095E+003, 0.12099119E+004, 0.00000000E+000, 0.79683734E+003, 0.00000000E+000, 0.81265165E+003, 0.79668232E+003, 0.33495734E-003, 0.33495734E-003, 0.80570349E+003, 0.62362395E+003,
 0.77000000E+002, 0.29375000E+001, 0.29375000E+001, 0.30250000E+001, 0.00000000E+000, 0.00000000E+000, 0.80984705E+003, 0.79687710E+003, 0.79724102E+003, 0.12099159E+004, 0.00000000E+000, 0.79683794E+003, 0.00000000E+000, 0.81265302E+003, 0.79668313E+003, 0.33456844E-003, 0.33456844E-003, 0.80570373E+003, 0.62361527E+003,
 0.77100000E+002, 0.29375000E+001, 0.29375000E+001, 0.30250000E+001, 0.00000000E+000, 0.00000000E+000, 0.80985096E+003, 0.79687765E+003, 0.79724108E+003, 0.12099198E+004, 0.00000000E+000, 0.79683853E+003, 0.00000000E+000, 0.81265439E+003, 0.79668394E+003, 0.33418029E-003, 0.33418029E-003, 0.80570396E+003, 0.62360659E+003,
 0.77200000E+002, 0.29375000E+001, 0.29375000E+001, 0.30250000E+001, 0.00000000E+000, 0.00000000E+000, 0.80985486E+003, 0.79687819E+003, 0.79724115E+003, 0.12099237E+004, 0.00000000E+000, 0.79683912E+003, 0.00000000E+000, 0.81265576E+003, 0.79668474E+003, 0.33379342E-003, 0.33379342E-003, 0.80570419E+003, 0.62359791E+003,
 0.77300000E+002, 0.29375000E+001, 0.29375000E+001, 0.30250000E+001, 0.00000000E+000, 0.00000000E+000, 0.80985875E+003, 0.79687873E+003, 0.79724121E+003, 0.12099276E+004, 0.00000000E+000, 0.79683971E+003, 0.00000000E+000, 0.81265712E+003, 0.79668554E+003, 0.33340745E-003, 0.33340745E-003, 0.80570443E+003, 0.62358923E+003,
 0.77400000E+002, 0.29375000E+001, 0.29375000E+001, 0.30250000E+001, 0.00000000E+000, 0.00000000E+000, 0.80986264E+003, 0.79687927E+003, 0.79724128E+003, 0.12099316E+004, 0.00000000E+000, 0.79684030E+003, 0.00000000E+000, 0.81265848E+003, 0.79668634E+003, 0.33302236E-003, 0.33302236E-003, 0.80570466E+003, 0.62358056E+003,
 0.77500000E+002, 0.29375000E+001, 0.29375000E+001, 0.30250000E+001, 0.00000000E+000, 0.00000000E+000, 0.80986651E+003, 0.79687980E+003, 0.79724134E+003, 0.12099355E+004, 0.00000000E+000, 0.79684089E+003, 0.00000000E+000, 0.81265984E+003, 0.79668714E+003, 0.33263811E-003, 0.33263811E-003, 0.80570490E+003, 0.62357188E+003,
 0.77600000E+002, 0.29375000E+001, 0.29375000E+001, 0.30250000E+001, 0.00000000E+000, 0.00000000E+000, 0.80987038E+003, 0.79688034E+003, 0.79724141E+003, 0.12099394E+004, 0.00000000E+000, 0.79684147E+003, 0.00000000E+000, 0.81266119E+003, 0.79668793E+003, 0.33225504E-003, 0.33225504E-003, 0.80570514E+003, 0.62356321E+003,
 0.77700000E+002, 0.29375000E+001, 0.29375000E+001, 0.30250000E+001, 0.00000000E+000, 0.00000000E+000, 0.80987423E+003, 0.79688087E+003, 0.79724147E+003, 0.12099433E+004, 0.00000000E+000, 0.79684205E+003, 0.00000000E+000, 0.81266255E+003, 0.79668872E+003, 0.33187282E-003, 0.33187282E-003, 0.80570537E+003, 0.62355454E+003,
 0.77800000E+002, 0.29375000E+001, 0.29375000E+001, 0.30250000E+001, 0.00000000E+000, 0.00000000E+000, 0.80987808E+003, 0.79688140E+003, 0.79724154E+003, 0.12099471E+004, 0.00000000E+000, 0.79684263E+003, 0.00000000E+000, 0.81266390E+003, 0.79668951E+003, 0.33149136E-003, 0.33149136E-003, 0.80570561E+003, 0.62354587E+003,
 0.77900000E+002, 0.29375000E+001, 0.29375000E+001, 0.30250000E+001, 0.00000000E+000, 0.00000000E+000, 0.80988192E+003, 0.79688193E+003, 0.79724160E+003, 0.12099510E+004, 0.00000000E+000, 0.79684321E+003, 0.00000000E+000, 0.81266525E+003, 0.79669030E+003, 0.33111113E-003, 0.33111113E-003, 0.80570585E+003, 0.62353720E+003,
 0.78000000E+002, 0.29375000E+001, 0.29375000E+001, 0.30250000E+001, 0.00000000E+000, 0.00000000E+000, 0.80988576E+003, 0.79688246E+003, 0.79724167E+003, 0.12099549E+004, 0.00000000E+000, 0.79684379E+003, 0.00000000E+000, 0.81266659E+003, 0.79669108E+003, 0.33073175E-003, 0.33073175E-003, 0.80570609E+003, 0.62352853E+003,
 0.78100000E+002, 0.29375000E+001, 0.29375000E+001, 0.30250000E+001, 0.00000000E+000, 0.00000000E+000, 0.80988958E+003, 0.79688299E+003, 0.79724173E+003, 0.12099588E+004, 0.00000000E+000, 0.79684437E+003, 0.00000000E+000, 0.81266794E+003, 0.79669187E+003, 0.33035307E-003, 0.33035307E-003, 0.80570633E+003, 0.62351987E+003,
 0.78200000E+002, 0.29375000E+001, 0.29375000E+001, 0.30250000E+001, 0.00000000E+000, 0.00000000E+000, 0.80989340E+003, 0.79688352E+003, 0.79724180E+003, 0.12099626E+004, 0.00000000E+000, 0.79684494E+003, 0.00000000E+000, 0.81266928E+003, 0.79669265E+003, 0.32997564E-003, 0.32997564E-003, 0.80570657E+003, 0.62351121E+003,
 0.78300000E+002, 0.29375000E+001, 0.29375000E+001, 0.30250000E+001, 0.00000000E+000, 0.00000000E+000, 0.80989720E+003, 0.79688404E+003, 0.79724186E+003, 0.12099665E+004, 0.00000000E+000, 0.79684551E+003, 0.00000000E+000, 0.81267061E+003, 0.79669342E+003, 0.32959909E-003, 0.32959909E-003, 0.80570682E+003, 0.62350255E+003,
 0.78400000E+002, 0.29375000E+001, 0.29375000E+001, 0.30250000E+001, 0.00000000E+000, 0.00000000E+000, 0.80990100E+003, 0.79688456E+003, 0.79724193E+003, 0.12099703E+004, 0.00000000E+000, 0.79684608E+003, 0.00000000E+000, 0.81267195E+003, 0.79669420E+003, 0.32922337E-003, 0.32922337E-003, 0.80570706E+003, 0.62349389E+003,
 0.78500000E+002, 0.29375000E+001, 0.29375000E+001, 0.30250000E+001, 0.00000000E+000, 0.00000000E+000, 0.80990480E+003, 0.79688508E+003, 0.79724199E+003, 0.12099741E+004, 0.00000000E+000, 0.79684665E+003, 0.00000000E+000, 0.81267329E+003, 0.79669497E+003, 0.32884847E-003, 0.32884847E-003, 0.80570730E+003, 0.62348523E+003,
 0.78600000E+002, 0.29375000E+001, 0.29375000E+001, 0.30250000E+001, 0.00000000E+000, 0.00000000E+000, 0.80990858E+003, 0.79688560E+003, 0.79724205E+003, 0.12099780E+004, 0.00000000E+000, 0.79684722E+003, 0.00000000E+000, 0.81267461E+003, 0.79669574E+003, 0.32847472E-003, 0.32847472E-003, 0.80570755E+003, 0.62347657E+003,
 0.78700000E+002, 0.29375000E+001, 0.29375000E+001, 0.30250000E+001, 0.00000000E+000, 0.00000000E+000, 0.80991235E+003, 0.79688612E+003, 0.79724212E+003, 0.12099818E+004, 0.00000000E+000, 0.79684778E+003, 0.00000000E+000, 0.81267595E+003, 0.79669651E+003, 0.32810176E-003, 0.32810176E-003, 0.80570780E+003, 0.62346792E+003,
 0.78800000E+002, 0.29375000E+001, 0.29375000E+001, 0.30250000E+001, 0.00000000E+000, 0.00000000E+000, 0.80991612E+003, 0.79688664E+003, 0.79724218E+003, 0.12099856E+004, 0.00000000E+000, 0.79684835E+003, 0.00000000E+000, 0.81267727E+003, 0.79669727E+003, 0.32772957E-003, 0.32772957E-003, 0.80570804E+003, 0.62345926E+003,
 0.78900000E+002, 0.29375000E+001, 0.29375000E+001, 0.30250000E+001, 0.00000000E+000, 0.00000000E+000, 0.80991988E+003, 0.79688715E+003, 0.79724225E+003, 0.12099894E+004, 0.00000000E+000, 0.79684891E+003, 0.00000000E+000, 0.81267860E+003, 0.79669803E+003, 0.32735856E-003, 0.32735856E-003, 0.80570829E+003, 0.62345061E+003,
 0.79000000E+002, 0.29375000E+001, 0.29375000E+001, 0.30250000E+001, 0.00000000E+000, 0.00000000E+000, 0.80992363E+003, 0.79688767E+003, 0.79724231E+003, 0.12099932E+004, 0.00000000E+000, 0.79684947E+003, 0.00000000E+000, 0.81267992E+003, 0.79669879E+003, 0.32698834E-003, 0.32698834E-003, 0.80570854E+003, 0.62344196E+003,
 0.79100000E+002, 0.29375000E+001, 0.29375000E+001, 0.30250000E+001, 0.00000000E+000, 0.00000000E+000, 0.80992737E+003, 0.79688818E+003, 0.79724238E+003, 0.12099970E+004, 0.00000000E+000, 0.79685003E+003, 0.00000000E+000, 0.81268124E+003, 0.79669955E+003, 0.32661883E-003, 0.32661883E-003, 0.80570878E+003, 0.62343331E+003,
 0.79200000E+002, 0.29375000E+001, 0.29375000E+001, 0.30250000E+001, 0.00000000E+000, 0.00000000E+000, 0.80993111E+003, 0.79688869E+003, 0.79724244E+003, 0.12100008E+004, 0.00000000E+000, 0.79685059E+003, 0.00000000E+000, 0.81268256E+003, 0.79670031E+003, 0.32625053E-003, 0.32625053E-003, 0.80570903E+003, 0.62342467E+003,
 0.79300000E+002, 0.29375000E+001, 0.29375000E+001, 0.30250000E+001, 0.00000000E+000, 0.00000000E+000, 0.80993484E+003, 0.79688920E+003, 0.79724250E+003, 0.12100046E+004, 0.00000000E+000, 0.79685114E+003, 0.00000000E+000, 0.81268388E+003, 0.79670106E+003, 0.32588303E-003, 0.32588303E-003, 0.80570929E+003, 0.62341602E+003,
 0.79400000E+002, 0.29375000E+001, 0.29375000E+001, 0.30250000E+001, 0.00000000E+000, 0.00000000E+000, 0.80993856E+003, 0.79688971E+003, 0.79724257E+003, 0.12100083E+004, 0.00000000E+000, 0.79685170E+003, 0.00000000E+000, 0.81268520E+003, 0.79670181E+003, 0.32551617E-003, 0.32551617E-003, 0.80570954E+003, 0.62340738E+003,
 0.79500000E+002, 0.29375000E+001, 0.29375000E+001, 0.30250000E+001, 0.00000000E+000, 0.00000000E+000, 0.80994227E+003, 0.79689021E+003, 0.79724263E+003, 0.12100121E+004, 0.00000000E+000, 0.79685225E+003, 0.00000000E+000, 0.81268651E+003, 0.79670256E+003, 0.32515054E-003, 0.32515054E-003, 0.80570979E+003, 0.62339874E+003,
 0.79600000E+002, 0.29375000E+001, 0.29375000E+001, 0.30250000E+001, 0.00000000E+000, 0.00000000E+000, 0.80994597E+003, 0.79689072E+003, 0.79724270E+003, 0.12100159E+004, 0.00000000E+000, 0.79685280E+003, 0.00000000E+000, 0.81268782E+003, 0.79670331E+003, 0.32478573E-003, 0.32478573E-003, 0.80571004E+003, 0.62339010E+003,
 0.79700000E+002, 0.29375000E+001, 0.29375000E+001, 0.30250000E+001, 0.00000000E+000, 0.00000000E+000, 0.80994967E+003, 0.79689122E+003, 0.79724276E+003, 0.12100196E+004, 0.00000000E+000, 0.79685335E+003, 0.00000000E+000, 0.81268913E+003, 0.79670405E+003, 0.32442151E-003, 0.32442151E-003, 0.80571029E+003, 0.62338146E+003,
 0.79800000E+002, 0.29375000E+001, 0.29375000E+001, 0.30250000E+001, 0.00000000E+000, 0.00000000E+000, 0.80995335E+003, 0.79689172E+003, 0.79724282E+003, 0.12100234E+004, 0.00000000E+000, 0.79685390E+003, 0.00000000E+000, 0.81269044E+003, 0.79670479E+003, 0.32405853E-003, 0.32405853E-003, 0.80571055E+003, 0.62337282E+003,
 0.79900000E+002, 0.29375000E+001, 0.29375000E+001, 0.30250000E+001, 0.00000000E+000, 0.00000000E+000, 0.80995703E+003, 0.79689222E+003, 0.79724289E+003, 0.12100271E+004, 0.00000000E+000, 0.79685445E+003, 0.00000000E+000, 0.81269174E+003, 0.79670553E+003, 0.32369637E-003, 0.32369637E-003, 0.80571080E+003, 0.62336419E+003,
 0.80000000E+002, 0.29375000E+001, 0.29375000E+001, 0.30250000E+001, 0.00000000E+000, 0.00000000E+000, 0.80996071E+003, 0.79689272E+003, 0.79724295E+003, 0.12100309E+004, 0.00000000E+000, 0.79685499E+003, 0.00000000E+000, 0.81269304E+003, 0.79670627E+003, 0.32333498E-003, 0.32333498E-003, 0.80571106E+003, 0.62335555E+003,
 0.80100000E+002, 0.29375000E+001, 0.29375000E+001, 0.30250000E+001, 0.00000000E+000, 0.00000000E+000, 0.80996437E+003, 0.79689322E+003, 0.79724302E+003, 0.12100346E+004, 0.00000000E+000, 0.79685553E+003, 0.00000000E+000, 0.81269434E+003, 0.79670701E+003, 0.32297438E-003, 0.32297438E-003, 0.80571131E+003, 0.62334692E+003,
 0.80200000E+002, 0.29375000E+001, 0.29375000E+001, 0.30250000E+001, 0.00000000E+000, 0.00000000E+000, 0.80996803E+003, 0.79689372E+003, 0.79724308E+003, 0.12100383E+004, 0.00000000E+000, 0.79685608E+003, 0.00000000E+000, 0.81269564E+003, 0.79670774E+003, 0.32261487E-003, 0.32261487E-003, 0.80571157E+003, 0.62333829E+003,
 0.80300000E+002, 0.29375000E+001, 0.29375000E+001, 0.30250000E+001, 0.00000000E+000, 0.00000000E+000, 0.80997168E+003, 0.79689421E+003, 0.79724314E+003, 0.12100420E+004, 0.00000000E+000, 0.79685662E+003, 0.00000000E+000, 0.81269694E+003, 0.79670847E+003, 0.32225608E-003, 0.32225608E-003, 0.80571183E+003, 0.62332966E+003,
 0.80400000E+002, 0.29375000E+001, 0.29375000E+001, 0.30250000E+001, 0.00000000E+000, 0.00000000E+000, 0.80997532E+003, 0.79689470E+003, 0.79724321E+003, 0.12100457E+004, 0.00000000E+000, 0.79685715E+003, 0.00000000E+000, 0.81269824E+003, 0.79670920E+003, 0.32189804E-003, 0.32189804E-003, 0.80571209E+003, 0.62332103E+003,
 0.80500000E+002, 0.29375000E+001, 0.29375000E+001, 0.30250000E+001, 0.00000000E+000, 0.00000000E+000, 0.80997895E+003, 0.79689520E+003, 0.79724327E+003, 0.12100494E+004, 0.00000000E+000, 0.79685769E+003, 0.00000000E+000, 0.81269953E+003, 0.79670993E+003, 0.32154112E-003, 0.32154112E-003, 0.80571235E+003, 0.62331241E+003,
 0.80600000E+002, 0.29375000E+001, 0.29375000E+001, 0.30250000E+001, 0.00000000E+000, 0.00000000E+000, 0.80998258E+003, 0.79689569E+003, 0.79724334E+003, 0.12100531E+004, 0.00000000E+000, 0.79685823E+003, 0.00000000E+000, 0.81270082E+003, 0.79671065E+003, 0.32118492E-003, 0.32118492E-003, 0.80571260E+003, 0.62330378E+003,
 0.80700000E+002, 0.29375000E+001, 0.29375000E+001, 0.30250000E+001, 0.00000000E+000, 0.00000000E+000, 0.80998620E+003, 0.79689618E+003, 0.79724340E+003, 0.12100568E+004, 0.00000000E+000, 0.79685876E+003, 0.00000000E+000, 0.81270211E+003, 0.79671137E+003, 0.32082944E-003, 0.32082944E-003, 0.80571286E+003, 0.62329516E+003,
 0.80800000E+002, 0.29375000E+001, 0.29375000E+001, 0.30250000E+001, 0.00000000E+000, 0.00000000E+000, 0.80998981E+003, 0.79689667E+003, 0.79724346E+003, 0.12100605E+004, 0.00000000E+000, 0.79685930E+003, 0.00000000E+000, 0.81270340E+003, 0.79671210E+003, 0.32047507E-003, 0.32047507E-003, 0.80571312E+003, 0.62328654E+003,
 0.80900000E+002, 0.29375000E+001, 0.29375000E+001, 0.30250000E+001, 0.00000000E+000, 0.00000000E+000, 0.80999341E+003, 0.79689715E+003, 0.79724353E+003, 0.12100642E+004, 0.00000000E+000, 0.79685983E+003, 0.00000000E+000, 0.81270469E+003, 0.79671281E+003, 0.32012143E-003, 0.32012143E-003, 0.80571339E+003, 0.62327792E+003,
 0.81000000E+002, 0.29375000E+001, 0.29375000E+001, 0.30250000E+001, 0.00000000E+000, 0.00000000E+000, 0.80999701E+003, 0.79689764E+003, 0.79724359E+003, 0.12100679E+004, 0.00000000E+000, 0.79686036E+003, 0.00000000E+000, 0.81270597E+003, 0.79671353E+003, 0.31976846E-003, 0.31976846E-003, 0.80571365E+003, 0.62326930E+003,
 0.81100000E+002, 0.29375000E+001, 0.29375000E+001, 0.30250000E+001, 0.00000000E+000, 0.00000000E+000, 0.81000060E+003, 0.79689812E+003, 0.79724366E+003, 0.12100715E+004, 0.00000000E+000, 0.79686089E+003, 0.00000000E+000, 0.81270725E+003, 0.79671424E+003, 0.31941664E-003, 0.31941664E-003, 0.80571391E+003, 0.62326068E+003,
 0.81200000E+002, 0.29375000E+001, 0.29375000E+001, 0.30250000E+001, 0.00000000E+000, 0.00000000E+000, 0.81000418E+003, 0.79689861E+003, 0.79724372E+003, 0.12100752E+004, 0.00000000E+000, 0.79686141E+003, 0.00000000E+000, 0.81270854E+003, 0.79671496E+003, 0.31906552E-003, 0.31906552E-003, 0.80571417E+003, 0.62325207E+003,
 0.81300000E+002, 0.29375000E+001, 0.29375000E+001, 0.30250000E+001, 0.00000000E+000, 0.00000000E+000, 0.81000775E+003, 0.79689909E+003, 0.79724378E+003, 0.12100789E+004, 0.00000000E+000, 0.79686194E+003, 0.00000000E+000, 0.81270982E+003, 0.79671567E+003, 0.31871506E-003, 0.31871506E-003, 0.80571444E+003, 0.62324345E+003,
 0.81400000E+002, 0.29375000E+001, 0.29375000E+001, 0.30250000E+001, 0.00000000E+000, 0.00000000E+000, 0.81001132E+003, 0.79689957E+003, 0.79724385E+003, 0.12100825E+004, 0.00000000E+000, 0.79686246E+003, 0.00000000E+000, 0.81271109E+003, 0.79671638E+003, 0.31836575E-003, 0.31836575E-003, 0.80571470E+003, 0.62323484E+003,
 0.81500000E+002, 0.29375000E+001, 0.29375000E+001, 0.30250000E+001, 0.00000000E+000, 0.00000000E+000, 0.81001488E+003, 0.79690005E+003, 0.79724391E+003, 0.12100862E+004, 0.00000000E+000, 0.79686299E+003, 0.00000000E+000, 0.81271237E+003, 0.79671708E+003, 0.31801713E-003, 0.31801713E-003, 0.80571497E+003, 0.62322623E+003,
 0.81600000E+002, 0.29375000E+001, 0.29375000E+001, 0.30250000E+001, 0.00000000E+000, 0.00000000E+000, 0.81001843E+003, 0.79690053E+003, 0.79724397E+003, 0.12100898E+004, 0.00000000E+000, 0.79686351E+003, 0.00000000E+000, 0.81271364E+003, 0.79671779E+003, 0.31766916E-003, 0.31766916E-003, 0.80571523E+003, 0.62321762E+003,
 0.81700000E+002, 0.29375000E+001, 0.29375000E+001, 0.30250000E+001, 0.00000000E+000, 0.00000000E+000, 0.81002197E+003, 0.79690100E+003, 0.79724404E+003, 0.12100934E+004, 0.00000000E+000, 0.79686403E+003, 0.00000000E+000, 0.81271491E+003, 0.79671849E+003, 0.31732232E-003, 0.31732232E-003, 0.80571550E+003, 0.62320901E+003,
 0.81800000E+002, 0.29375000E+001, 0.29375000E+001, 0.30250000E+001, 0.00000000E+000, 0.00000000E+000, 0.81002551E+003, 0.79690148E+003, 0.79724410E+003, 0.12100971E+004, 0.00000000E+000, 0.79686455E+003, 0.00000000E+000, 0.81271619E+003, 0.79671919E+003, 0.31697618E-003, 0.31697618E-003, 0.80571576E+003, 0.62320040E+003,
 0.81900000E+002, 0.29375000E+001, 0.29375000E+001, 0.30250000E+001, 0.00000000E+000, 0.00000000E+000, 0.81002904E+003, 0.79690195E+003, 0.79724416E+003, 0.12101007E+004, 0.00000000E+000, 0.79686506E+003, 0.00000000E+000, 0.81271746E+003, 0.79671989E+003, 0.31663067E-003, 0.31663067E-003, 0.80571603E+003, 0.62319180E+003,
 0.82000000E+002, 0.29375000E+001, 0.29375000E+001, 0.30250000E+001, 0.00000000E+000, 0.00000000E+000, 0.81003256E+003, 0.79690242E+003, 0.79724423E+003, 0.12101043E+004, 0.00000000E+000, 0.79686558E+003, 0.00000000E+000, 0.81271872E+003, 0.79672058E+003, 0.31628628E-003, 0.31628628E-003, 0.80571630E+003, 0.62318320E+003,
 0.82100000E+002, 0.29375000E+001, 0.29375000E+001, 0.30250000E+001, 0.00000000E+000, 0.00000000E+000, 0.81003608E+003, 0.79690290E+003, 0.79724429E+003, 0.12101079E+004, 0.00000000E+000, 0.79686609E+003, 0.00000000E+000, 0.81271999E+003, 0.79672128E+003, 0.31594259E-003, 0.31594259E-003, 0.80571657E+003, 0.62317459E+003,
 0.82200000E+002, 0.29375000E+001, 0.29375000E+001, 0.30250000E+001, 0.00000000E+000, 0.00000000E+000, 0.81003958E+003, 0.79690337E+003, 0.79724436E+003, 0.12101115E+004, 0.00000000E+000, 0.79686661E+003, 0.00000000E+000, 0.81272125E+003, 0.79672197E+003, 0.31559951E-003, 0.31559951E-003, 0.80571684E+003, 0.62316599E+003,
 0.82300000E+002, 0.29375000E+001, 0.29375000E+001, 0.30250000E+001, 0.00000000E+000, 0.00000000E+000, 0.81004308E+003, 0.79690384E+003, 0.79724442E+003, 0.12101151E+004, 0.00000000E+000, 0.79686712E+003, 0.00000000E+000, 0.81272251E+003, 0.79672266E+003, 0.31525756E-003, 0.31525756E-003, 0.80571711E+003, 0.62315740E+003,
 0.82400000E+002, 0.29375000E+001, 0.29375000E+001, 0.30250000E+001, 0.00000000E+000, 0.00000000E+000, 0.81004658E+003, 0.79690430E+003, 0.79724448E+003, 0.12101187E+004, 0.00000000E+000, 0.79686763E+003, 0.00000000E+000, 0.81272377E+003, 0.79672335E+003, 0.31491628E-003, 0.31491628E-003, 0.80571738E+003, 0.62314880E+003,
 0.82500000E+002, 0.29375000E+001, 0.29375000E+001, 0.30250000E+001, 0.00000000E+000, 0.00000000E+000, 0.81005006E+003, 0.79690477E+003, 0.79724455E+003, 0.12101223E+004, 0.00000000E+000, 0.79686814E+003, 0.00000000E+000, 0.81272504E+003, 0.79672404E+003, 0.31457562E-003, 0.31457562E-003, 0.80571765E+003, 0.62314020E+003,
 0.82600000E+002, 0.29375000E+001, 0.29375000E+001, 0.30250000E+001, 0.00000000E+000, 0.00000000E+000, 0.81005354E+003, 0.79690524E+003, 0.79724461E+003, 0.12101259E+004, 0.00000000E+000, 0.79686865E+003, 0.00000000E+000, 0.81272629E+003, 0.79672472E+003, 0.31423607E-003, 0.31423607E-003, 0.80571792E+003, 0.62313161E+003,
 0.82700000E+002, 0.29375000E+001, 0.29375000E+001, 0.30250000E+001, 0.00000000E+000, 0.00000000E+000, 0.81005702E+003, 0.79690570E+003, 0.79724467E+003, 0.12101294E+004, 0.00000000E+000, 0.79686915E+003, 0.00000000E+000, 0.81272755E+003, 0.79672541E+003, 0.31389718E-003, 0.31389718E-003, 0.80571819E+003, 0.62312301E+003,
 0.82800000E+002, 0.29375000E+001, 0.29375000E+001, 0.30250000E+001, 0.00000000E+000, 0.00000000E+000, 0.81006048E+003, 0.79690616E+003, 0.79724474E+003, 0.12101330E+004, 0.00000000E+000, 0.79686966E+003, 0.00000000E+000, 0.81272880E+003, 0.79672609E+003, 0.31355893E-003, 0.31355893E-003, 0.80571846E+003, 0.62311442E+003,
 0.82900000E+002, 0.29375000E+001, 0.29375000E+001, 0.30250000E+001, 0.00000000E+000, 0.00000000E+000, 0.81006394E+003, 0.79690663E+003, 0.79724480E+003, 0.12101366E+004, 0.00000000E+000, 0.79687016E+003, 0.00000000E+000, 0.81273005E+003, 0.79672677E+003, 0.31322176E-003, 0.31322176E-003, 0.80571874E+003, 0.62310583E+003,
 0.83000000E+002, 0.29375000E+001, 0.29375000E+001, 0.30250000E+001, 0.00000000E+000, 0.00000000E+000, 0.81006739E+003, 0.79690709E+003, 0.79724486E+003, 0.12101401E+004, 0.00000000E+000, 0.79687067E+003, 0.00000000E+000, 0.81273131E+003, 0.79672745E+003, 0.31288523E-003, 0.31288523E-003, 0.80571901E+003, 0.62309724E+003,
 0.83100000E+002, 0.29375000E+001, 0.29375000E+001, 0.30250000E+001, 0.00000000E+000, 0.00000000E+000, 0.81007083E+003, 0.79690755E+003, 0.79724493E+003, 0.12101437E+004, 0.00000000E+000, 0.79687117E+003, 0.00000000E+000, 0.81273256E+003, 0.79672812E+003, 0.31254935E-003, 0.31254935E-003, 0.80571928E+003, 0.62308866E+003,
 0.83200000E+002, 0.29375000E+001, 0.29375000E+001, 0.30250000E+001, 0.00000000E+000, 0.00000000E+000, 0.81007427E+003, 0.79690800E+003, 0.79724499E+003, 0.12101472E+004, 0.00000000E+000, 0.79687167E+003, 0.00000000E+000, 0.81273380E+003, 0.79672880E+003, 0.31221454E-003, 0.31221454E-003, 0.80571956E+003, 0.62308007E+003,
 0.83300000E+002, 0.29375000E+001, 0.29375000E+001, 0.30250000E+001, 0.00000000E+000, 0.00000000E+000, 0.81007770E+003, 0.79690846E+003, 0.79724505E+003, 0.12101508E+004, 0.00000000E+000, 0.79687217E+003, 0.00000000E+000, 0.81273505E+003, 0.79672947E+003, 0.31188036E-003, 0.31188036E-003, 0.80571983E+003, 0.62307149E+003,
 0.83400000E+002, 0.29375000E+001, 0.29375000E+001, 0.30250000E+001, 0.00000000E+000, 0.00000000E+000, 0.81008112E+003, 0.79690892E+003, 0.79724512E+003, 0.12101543E+004, 0.00000000E+000, 0.79687266E+003, 0.00000000E+000, 0.81273630E+003, 0.79673014E+003, 0.31154683E-003, 0.31154683E-003, 0.80572011E+003, 0.62306290E+003,
 0.83500000E+002, 0.29375000E+001, 0.29375000E+001, 0.30250000E+001, 0.00000000E+000, 0.00000000E+000, 0.81008454E+003, 0.79690937E+003, 0.79724518E+003, 0.12101578E+004, 0.00000000E+000, 0.79687316E+003, 0.00000000E+000, 0.81273754E+003, 0.79673081E+003, 0.31121435E-003, 0.31121435E-003, 0.80572039E+003, 0.62305432E+003,
 0.83600000E+002, 0.29375000E+001, 0.29375000E+001, 0.30250000E+001, 0.00000000E+000, 0.00000000E+000, 0.81008795E+003, 0.79690983E+003, 0.79724524E+003, 0.12101614E+004, 0.00000000E+000, 0.79687365E+003, 0.00000000E+000, 0.81273878E+003, 0.79673147E+003, 0.31088248E-003, 0.31088248E-003, 0.80572066E+003, 0.62304574E+003,
 0.83700000E+002, 0.29375000E+001, 0.29375000E+001, 0.30250000E+001, 0.00000000E+000, 0.00000000E+000, 0.81009135E+003, 0.79691028E+003, 0.79724531E+003, 0.12101649E+004, 0.00000000E+000, 0.79687415E+003, 0.00000000E+000, 0.81274002E+003, 0.79673214E+003, 0.31055129E-003, 0.31055129E-003, 0.80572094E+003, 0.62303716E+003,
 0.83800000E+002, 0.29375000E+001, 0.29375000E+001, 0.30250000E+001, 0.00000000E+000, 0.00000000E+000, 0.81009475E+003, 0.79691073E+003, 0.79724537E+003, 0.12101684E+004, 0.00000000E+000, 0.79687464E+003, 0.00000000E+000, 0.81274126E+003, 0.79673280E+003, 0.31022111E-003, 0.31022111E-003, 0.80572122E+003, 0.62302859E+003,
 0.83900000E+002, 0.29375000E+001, 0.29375000E+001, 0.30250000E+001, 0.00000000E+000, 0.00000000E+000, 0.81009813E+003, 0.79691118E+003, 0.79724543E+003, 0.12101719E+004, 0.00000000E+000, 0.79687513E+003, 0.00000000E+000, 0.81274250E+003, 0.79673346E+003, 0.30989130E-003, 0.30989130E-003, 0.80572149E+003, 0.62302001E+003,
 0.84000000E+002, 0.29375000E+001, 0.29375000E+001, 0.30250000E+001, 0.00000000E+000, 0.00000000E+000, 0.81010152E+003, 0.79691163E+003, 0.79724550E+003, 0.12101754E+004, 0.00000000E+000, 0.79687562E+003, 0.00000000E+000, 0.81274373E+003, 0.79673412E+003, 0.30956268E-003, 0.30956268E-003, 0.80572177E+003, 0.62301144E+003,
 0.84100000E+002, 0.29375000E+001, 0.29375000E+001, 0.30250000E+001, 0.00000000E+000, 0.00000000E+000, 0.81010489E+003, 0.79691208E+003, 0.79724556E+003, 0.12101789E+004, 0.00000000E+000, 0.79687611E+003, 0.00000000E+000, 0.81274496E+003, 0.79673478E+003, 0.30923475E-003, 0.30923475E-003, 0.80572205E+003, 0.62300286E+003,
 0.84200000E+002, 0.29375000E+001, 0.29375000E+001, 0.30250000E+001, 0.00000000E+000, 0.00000000E+000, 0.81010826E+003, 0.79691253E+003, 0.79724562E+003, 0.12101824E+004, 0.00000000E+000, 0.79687660E+003, 0.00000000E+000, 0.81274620E+003, 0.79673544E+003, 0.30890724E-003, 0.30890724E-003, 0.80572233E+003, 0.62299429E+003,
 0.84300000E+002, 0.29375000E+001, 0.29375000E+001, 0.30250000E+001, 0.00000000E+000, 0.00000000E+000, 0.81011162E+003, 0.79691297E+003, 0.79724569E+003, 0.12101859E+004, 0.00000000E+000, 0.79687709E+003, 0.00000000E+000, 0.81274743E+003, 0.79673609E+003, 0.30858090E-003, 0.30858090E-003, 0.80572261E+003, 0.62298572E+003,
 0.84400000E+002, 0.29375000E+001, 0.29375000E+001, 0.30250000E+001, 0.00000000E+000, 0.00000000E+000, 0.81011498E+003, 0.79691342E+003, 0.79724575E+003, 0.12101894E+004, 0.00000000E+000, 0.79687757E+003, 0.00000000E+000, 0.81274866E+003, 0.79673674E+003, 0.30825521E-003, 0.30825521E-003, 0.80572289E+003, 0.62297715E+003,
 0.84500000E+002, 0.29375000E+001, 0.29375000E+001, 0.30250000E+001, 0.00000000E+000, 0.00000000E+000, 0.81011832E+003, 0.79691386E+003, 0.79724581E+003, 0.12101929E+004, 0.00000000E+000, 0.79687805E+003, 0.00000000E+000, 0.81274989E+003, 0.79673740E+003, 0.30792999E-003, 0.30792999E-003, 0.80572317E+003, 0.62296858E+003,
 0.84600000E+002, 0.29375000E+001, 0.29375000E+001, 0.30250000E+001, 0.00000000E+000, 0.00000000E+000, 0.81012167E+003, 0.79691430E+003, 0.79724588E+003, 0.12101963E+004, 0.00000000E+000, 0.79687854E+003, 0.00000000E+000, 0.81275111E+003, 0.79673805E+003, 0.30760590E-003, 0.30760590E-003, 0.80572345E+003, 0.62296002E+003,
 0.84700000E+002, 0.29375000E+001, 0.29375000E+001, 0.30250000E+001, 0.00000000E+000, 0.00000000E+000, 0.81012500E+003, 0.79691475E+003, 0.79724594E+003, 0.12101998E+004, 0.00000000E+000, 0.79687902E+003, 0.00000000E+000, 0.81275234E+003, 0.79673869E+003, 0.30728242E-003, 0.30728242E-003, 0.80572373E+003, 0.62295145E+003,
 0.84800000E+002, 0.29375000E+001, 0.29375000E+001, 0.30250000E+001, 0.00000000E+000, 0.00000000E+000, 0.81012833E+003, 0.79691519E+003, 0.79724600E+003, 0.12102033E+004, 0.00000000E+000, 0.79687950E+003, 0.00000000E+000, 0.81275356E+003, 0.79673934E+003, 0.30695948E-003, 0.30695948E-003, 0.80572401E+003, 0.62294289E+003,
 0.84900000E+002, 0.29375000E+001, 0.29375000E+001, 0.30250000E+001, 0.00000000E+000, 0.00000000E+000, 0.81013165E+003, 0.79691563E+003, 0.79724606E+003, 0.12102067E+004, 0.00000000E+000, 0.79687998E+003, 0.00000000E+000, 0.81275478E+003, 0.79673998E+003, 0.30663761E-003, 0.30663761E-003, 0.80572429E+003, 0.62293433E+003,
 0.85000000E+002, 0.29375000E+001, 0.29375000E+001, 0.30250000E+001, 0.00000000E+000, 0.00000000E+000, 0.81013496E+003, 0.79691606E+003, 0.79724613E+003, 0.12102102E+004, 0.00000000E+000, 0.79688046E+003, 0.00000000E+000, 0.81275600E+003, 0.79674063E+003, 0.30631634E-003, 0.30631634E-003, 0.80572457E+003, 0.62292577E+003,
 0.85100000E+002, 0.29375000E+001, 0.29375000E+001, 0.30250000E+001, 0.00000000E+000, 0.00000000E+000, 0.81013827E+003, 0.79691650E+003, 0.79724619E+003, 0.12102136E+004, 0.00000000E+000, 0.79688093E+003, 0.00000000E+000, 0.81275722E+003, 0.79674127E+003, 0.30599563E-003, 0.30599563E-003, 0.80572485E+003, 0.62291721E+003,
 0.85200000E+002, 0.29375000E+001, 0.29375000E+001, 0.30250000E+001, 0.00000000E+000, 0.00000000E+000, 0.81014157E+003, 0.79691694E+003, 0.79724625E+003, 0.12102171E+004, 0.00000000E+000, 0.79688141E+003, 0.00000000E+000, 0.81275843E+003, 0.79674191E+003, 0.30567598E-003, 0.30567598E-003, 0.80572514E+003, 0.62290865E+003,
 0.85300000E+002, 0.29375000E+001, 0.29375000E+001, 0.30250000E+001, 0.00000000E+000, 0.00000000E+000, 0.81014487E+003, 0.79691737E+003, 0.79724632E+003, 0.12102205E+004, 0.00000000E+000, 0.79688188E+003, 0.00000000E+000, 0.81275965E+003, 0.79674254E+003, 0.30535688E-003, 0.30535688E-003, 0.80572542E+003, 0.62290010E+003,
 0.85400000E+002, 0.29375000E+001, 0.29375000E+001, 0.30250000E+001, 0.00000000E+000, 0.00000000E+000, 0.81014816E+003, 0.79691781E+003, 0.79724638E+003, 0.12102240E+004, 0.00000000E+000, 0.79688236E+003, 0.00000000E+000, 0.81276087E+003, 0.79674318E+003, 0.30503840E-003, 0.30503840E-003, 0.80572571E+003, 0.62289154E+003,
 0.85500000E+002, 0.29375000E+001, 0.29375000E+001, 0.30250000E+001, 0.00000000E+000, 0.00000000E+000, 0.81015144E+003, 0.79691824E+003, 0.79724644E+003, 0.12102274E+004, 0.00000000E+000, 0.79688283E+003, 0.00000000E+000, 0.81276208E+003, 0.79674382E+003, 0.30472090E-003, 0.30472090E-003, 0.80572599E+003, 0.62288299E+003,
 0.85600000E+002, 0.29375000E+001, 0.29375000E+001, 0.30250000E+001, 0.00000000E+000, 0.00000000E+000, 0.81015472E+003, 0.79691867E+003, 0.79724650E+003, 0.12102308E+004, 0.00000000E+000, 0.79688330E+003, 0.00000000E+000, 0.81276329E+003, 0.79674445E+003, 0.30440375E-003, 0.30440375E-003, 0.80572627E+003, 0.62287443E+003,
 0.85700000E+002, 0.29375000E+001, 0.29375000E+001, 0.30250000E+001, 0.00000000E+000, 0.00000000E+000, 0.81015799E+003, 0.79691910E+003, 0.79724657E+003, 0.12102342E+004, 0.00000000E+000, 0.79688377E+003, 0.00000000E+000, 0.81276450E+003, 0.79674508E+003, 0.30408773E-003, 0.30408773E-003, 0.80572656E+003, 0.62286588E+003,
 0.85800000E+002, 0.29375000E+001, 0.29375000E+001, 0.30250000E+001, 0.00000000E+000, 0.00000000E+000, 0.81016125E+003, 0.79691953E+003, 0.79724663E+003, 0.12102376E+004, 0.00000000E+000, 0.79688424E+003, 0.00000000E+000, 0.81276570E+003, 0.79674571E+003, 0.30377234E-003, 0.30377234E-003, 0.80572684E+003, 0.62285734E+003,
 0.85900000E+002, 0.29375000E+001, 0.29375000E+001, 0.30250000E+001, 0.00000000E+000, 0.00000000E+000, 0.81016451E+003, 0.79691996E+003, 0.79724669E+003, 0.12102411E+004, 0.00000000E+000, 0.79688471E+003, 0.00000000E+000, 0.81276691E+003, 0.79674634E+003, 0.30345738E-003, 0.30345738E-003, 0.80572713E+003, 0.62284879E+003,
 0.86000000E+002, 0.29375000E+001, 0.29375000E+001, 0.30250000E+001, 0.00000000E+000, 0.00000000E+000, 0.81016776E+003, 0.79692039E+003, 0.79724675E+003, 0.12102445E+004, 0.00000000E+000, 0.79688517E+003, 0.00000000E+000, 0.81276811E+003, 0.79674696E+003, 0.30314352E-003, 0.30314352E-003, 0.80572741E+003, 0.62284024E+003,
 0.88000000E+002, 0.29375000E+001, 0.29375000E+001, 0.30250000E+001, 0.00000000E+000, 0.00000000E+000, 0.81023144E+003, 0.79692873E+003, 0.79724799E+003, 0.12103116E+004, 0.00000000E+000, 0.79689427E+003, 0.00000000E+000, 0.81279187E+003, 0.79675917E+003, 0.29700971E-003, 0.29700971E-003, 0.80573317E+003, 0.62266958E+003,
 0.90000000E+002, 0.29375000E+001, 0.29375000E+001, 0.30250000E+001, 0.00000000E+000, 0.00000000E+000, 0.81029273E+003, 0.79693669E+003, 0.79724919E+003, 0.12103770E+004, 0.00000000E+000, 0.79690295E+003, 0.00000000E+000, 0.81281495E+003, 0.79677080E+003, 0.29114383E-003, 0.29114383E-003, 0.80573900E+003, 0.62249945E+003,
 0.92000000E+002, 0.29375000E+001, 0.29375000E+001, 0.30250000E+001, 0.00000000E+000, 0.00000000E+000, 0.81035175E+003, 0.79694429E+003, 0.79725034E+003, 0.12104407E+004, 0.00000000E+000, 0.79691122E+003, 0.00000000E+000, 0.81283729E+003, 0.79678189E+003, 0.28552994E-003, 0.28552994E-003, 0.80574482E+003, 0.62232983E+003,
 0.94000000E+002, 0.29375000E+001, 0.29375000E+001, 0.30250000E+001, 0.00000000E+000, 0.00000000E+000, 0.81040864E+003, 0.79695152E+003, 0.79725141E+003, 0.12105030E+004, 0.00000000E+000, 0.79691912E+003, 0.00000000E+000, 0.81285881E+003, 0.79679247E+003, 0.28015355E-003, 0.28015355E-003, 0.80575058E+003, 0.62216071E+003,
 0.96000000E+002, 0.29375000E+001, 0.29375000E+001, 0.30250000E+001, 0.00000000E+000, 0.00000000E+000, 0.81046349E+003, 0.79695842E+003, 0.79725239E+003, 0.12105639E+004, 0.00000000E+000, 0.79692664E+003, 0.00000000E+000, 0.81287941E+003, 0.79680257E+003, 0.27500079E-003, 0.27500079E-003, 0.80575623E+003, 0.62199209E+003,
 0.98000000E+002, 0.29375000E+001, 0.29375000E+001, 0.30250000E+001, 0.00000000E+000, 0.00000000E+000, 0.81051641E+003, 0.79696496E+003, 0.79725326E+003, 0.12106235E+004, 0.00000000E+000, 0.79693379E+003, 0.00000000E+000, 0.81289898E+003, 0.79681220E+003, 0.27006024E-003, 0.27006024E-003, 0.80576170E+003, 0.62182396E+003,
 0.10000000E+003, 0.29375000E+001, 0.29375000E+001, 0.30250000E+001, 0.00000000E+000, 0.00000000E+000, 0.81056750E+003, 0.79697117E+003, 0.79725399E+003, 0.12106819E+004, 0.00000000E+000, 0.79694058E+003, 0.00000000E+000, 0.81291742E+003, 0.79682138E+003, 0.26531952E-003, 0.26531952E-003, 0.80576695E+003, 0.62165631E+003,
 0.10200000E+003, 0.29375000E+001, 0.29375000E+001, 0.30250000E+001, 0.00000000E+000, 0.00000000E+000, 0.81061682E+003, 0.79697703E+003, 0.79725457E+003, 0.12107391E+004, 0.00000000E+000, 0.79694700E+003, 0.00000000E+000, 0.81293460E+003, 0.79683011E+003, 0.26076847E-003, 0.26076847E-003, 0.80577192E+003, 0.62148912E+003,
 0.10400000E+003, 0.29375000E+001, 0.29375000E+001, 0.30250000E+001, 0.00000000E+000, 0.00000000E+000, 0.81066446E+003, 0.79698255E+003, 0.79725497E+003, 0.12107952E+004, 0.00000000E+000, 0.79695307E+003, 0.00000000E+000, 0.81295043E+003, 0.79683841E+003, 0.25639724E-003, 0.25639724E-003, 0.80577656E+003, 0.62132239E+003,
 0.10600000E+003, 0.29375000E+001, 0.29375000E+001, 0.30250000E+001, 0.00000000E+000, 0.00000000E+000, 0.81071048E+003, 0.79698771E+003, 0.79725518E+003, 0.12108503E+004, 0.00000000E+000, 0.79695876E+003, 0.00000000E+000, 0.81296479E+003, 0.79684628E+003, 0.25219629E-003, 0.25219629E-003, 0.80578084E+003, 0.62115610E+003,
 0.10800000E+003, 0.29375000E+001, 0.29375000E+001, 0.30250000E+001, 0.00000000E+000, 0.00000000E+000, 0.81075493E+003, 0.79699252E+003, 0.79725518E+003, 0.12109044E+004, 0.00000000E+000, 0.79696408E+003, 0.00000000E+000, 0.81297758E+003, 0.79685372E+003, 0.24814343E-003, 0.24814343E-003, 0.80578471E+003, 0.62099026E+003,
 0.11000000E+003, 0.29375000E+001, 0.29375000E+001, 0.30250000E+001, 0.00000000E+000, 0.00000000E+000, 0.81079786E+003, 0.79699697E+003, 0.79725497E+003, 0.12109575E+004, 0.00000000E+000, 0.79696903E+003, 0.00000000E+000, 0.81298873E+003, 0.79686073E+003, 0.24427090E-003, 0.24427090E-003, 0.80578813E+003, 0.62082484E+003,
 0.11200000E+003, 0.29375000E+001, 0.29375000E+001, 0.30250000E+001, 0.00000000E+000, 0.00000000E+000, 0.81083933E+003, 0.79700106E+003, 0.79725452E+003, 0.12110096E+004, 0.00000000E+000, 0.79697361E+003, 0.00000000E+000, 0.81299813E+003, 0.79686731E+003, 0.24053407E-003, 0.24053407E-003, 0.80579107E+003, 0.62065984E+003,
 0.11400000E+003, 0.29375000E+001, 0.29375000E+001, 0.30250000E+001, 0.00000000E+000, 0.00000000E+000, 0.81087937E+003, 0.79700479E+003, 0.79725382E+003, 0.12110608E+004, 0.00000000E+000, 0.79697781E+003, 0.00000000E+000, 0.81300572E+003, 0.79687347E+003, 0.23693703E-003, 0.23693703E-003, 0.80579350E+003, 0.62049525E+003,
 0.11600000E+003, 0.29375000E+001, 0.29375000E+001, 0.30250000E+001, 0.00000000E+000, 0.00000000E+000, 0.81091802E+003, 0.79700815E+003, 0.79725288E+003, 0.12111111E+004, 0.00000000E+000, 0.79698162E+003, 0.00000000E+000, 0.81301145E+003, 0.79687920E+003, 0.23347362E-003, 0.23347362E-003, 0.80579539E+003, 0.62033105E+003,
 0.11800000E+003, 0.29375000E+001, 0.29375000E+001, 0.30250000E+001, 0.00000000E+000, 0.00000000E+000, 0.81095532E+003, 0.79701114E+003, 0.79725167E+003, 0.12111605E+004, 0.00000000E+000, 0.79698506E+003, 0.00000000E+000, 0.81301527E+003, 0.79688450E+003, 0.23013710E-003, 0.23013710E-003, 0.80579672E+003, 0.62016723E+003,
 0.12000000E+003, 0.29375000E+001, 0.29375000E+001, 0.30250000E+001, 0.00000000E+000, 0.00000000E+000, 0.81099129E+003, 0.79701376E+003, 0.79725021E+003, 0.12112089E+004, 0.00000000E+000, 0.79698812E+003, 0.00000000E+000, 0.81301713E+003, 0.79688938E+003, 0.22692302E-003, 0.22692302E-003, 0.80579747E+003, 0.62000378E+003,
 0.12200000E+003, 0.29375000E+001, 0.29375000E+001, 0.30250000E+001, 0.00000000E+000, 0.00000000E+000, 0.81102596E+003, 0.79701601E+003, 0.79724848E+003, 0.12112565E+004, 0.00000000E+000, 0.79699080E+003, 0.00000000E+000, 0.81301702E+003, 0.79689383E+003, 0.22382457E-003, 0.22382457E-003, 0.80579763E+003, 0.61984068E+003,
 0.12400000E+003, 0.29375000E+001, 0.29375000E+001, 0.30250000E+001, 0.00000000E+000, 0.00000000E+000, 0.81105937E+003, 0.79701790E+003, 0.79724649E+003, 0.12113031E+004, 0.00000000E+000, 0.79699310E+003, 0.00000000E+000, 0.81301492E+003, 0.79689787E+003, 0.22083761E-003, 0.22083761E-003, 0.80579718E+003, 0.61967793E+003,
 0.12600000E+003, 0.29375000E+001, 0.29375000E+001, 0.30250000E+001, 0.00000000E+000, 0.00000000E+000, 0.81109152E+003, 0.79701943E+003, 0.79724423E+003, 0.12113489E+004, 0.00000000E+000, 0.79699504E+003, 0.00000000E+000, 0.81301083E+003, 0.79690150E+003, 0.21795790E-003, 0.21795790E-003, 0.80579612E+003, 0.61951552E+003,
 0.12800000E+003, 0.29375000E+001, 0.29375000E+001, 0.30250000E+001, 0.00000000E+000, 0.00000000E+000, 0.81112245E+003, 0.79702060E+003, 0.79724172E+003, 0.12113937E+004, 0.00000000E+000, 0.79699661E+003, 0.00000000E+000, 0.81300476E+003, 0.79690472E+003, 0.21517977E-003, 0.21517977E-003, 0.80579446E+003, 0.61935343E+003,
 0.13000000E+003, 0.29375000E+001, 0.29375000E+001, 0.30250000E+001, 0.00000000E+000, 0.00000000E+000, 0.81115218E+003, 0.79702143E+003, 0.79723895E+003, 0.12114376E+004, 0.00000000E+000, 0.79699782E+003, 0.00000000E+000, 0.81299672E+003, 0.79690754E+003, 0.21249818E-003, 0.21249818E-003, 0.80579217E+003, 0.61919167E+003,
 0.13200000E+003, 0.29375000E+001, 0.29375000E+001, 0.30250000E+001, 0.00000000E+000, 0.00000000E+000, 0.81118072E+003, 0.79702191E+003, 0.79723593E+003, 0.12114806E+004, 0.00000000E+000, 0.79699867E+003, 0.00000000E+000, 0.81298675E+003, 0.79690997E+003, 0.20991026E-003, 0.20991026E-003, 0.80578928E+003, 0.61903022E+003,
 0.13400000E+003, 0.29375000E+001, 0.29375000E+001, 0.30250000E+001, 0.00000000E+000, 0.00000000E+000, 0.81120810E+003, 0.79702206E+003, 0.79723267E+003, 0.12115227E+004, 0.00000000E+000, 0.79699919E+003, 0.00000000E+000, 0.81297487E+003, 0.79691202E+003, 0.20741177E-003, 0.20741177E-003, 0.80578580E+003, 0.61886908E+003,
 0.13600000E+003, 0.29375000E+001, 0.29375000E+001, 0.30250000E+001, 0.00000000E+000, 0.00000000E+000, 0.81123433E+003, 0.79702189E+003, 0.79722917E+003, 0.12115638E+004, 0.00000000E+000, 0.79699936E+003, 0.00000000E+000, 0.81296113E+003, 0.79691369E+003, 0.20499829E-003, 0.20499829E-003, 0.80578172E+003, 0.61870824E+003,
 0.13800000E+003, 0.29375000E+001, 0.29375000E+001, 0.30250000E+001, 0.00000000E+000, 0.00000000E+000, 0.81125943E+003, 0.79702139E+003, 0.79722544E+003, 0.12116041E+004, 0.00000000E+000, 0.79699922E+003, 0.00000000E+000, 0.81294557E+003, 0.79691500E+003, 0.20266781E-003, 0.20266781E-003, 0.80577708E+003, 0.61854769E+003,
 0.14000000E+003, 0.29375000E+001, 0.29375000E+001, 0.30250000E+001, 0.00000000E+000, 0.00000000E+000, 0.81128342E+003, 0.79702060E+003, 0.79722150E+003, 0.12116435E+004, 0.00000000E+000, 0.79699875E+003, 0.00000000E+000, 0.81292825E+003, 0.79691595E+003, 0.20041559E-003, 0.20041559E-003, 0.80577188E+003, 0.61838742E+003,
 0.14200000E+003, 0.29375000E+001, 0.29375000E+001, 0.30250000E+001, 0.00000000E+000, 0.00000000E+000, 0.81130632E+003, 0.79701950E+003, 0.79721735E+003, 0.12116821E+004, 0.00000000E+000, 0.79699799E+003, 0.00000000E+000, 0.81290923E+003, 0.79691655E+003, 0.19823897E-003, 0.19823897E-003, 0.80576614E+003, 0.61822744E+003,
 0.14400000E+003, 0.29375000E+001, 0.29375000E+001, 0.30250000E+001, 0.00000000E+000, 0.00000000E+000, 0.81132814E+003, 0.79701813E+003, 0.79721299E+003, 0.12117198E+004, 0.00000000E+000, 0.79699693E+003, 0.00000000E+000, 0.81288856E+003, 0.79691683E+003, 0.19613511E-003, 0.19613511E-003, 0.80575989E+003, 0.61806773E+003,
 0.14600000E+003, 0.29375000E+001, 0.29375000E+001, 0.30250000E+001, 0.00000000E+000, 0.00000000E+000, 0.81134891E+003, 0.79701648E+003, 0.79720845E+003, 0.12117566E+004, 0.00000000E+000, 0.79699559E+003, 0.00000000E+000, 0.81286631E+003, 0.79691679E+003, 0.19410109E-003, 0.19410109E-003, 0.80575315E+003, 0.61790830E+003,
 0.14800000E+003, 0.29375000E+001, 0.29375000E+001, 0.30250000E+001, 0.00000000E+000, 0.00000000E+000, 0.81136863E+003, 0.79701457E+003, 0.79720373E+003, 0.12117926E+004, 0.00000000E+000, 0.79699398E+003, 0.00000000E+000, 0.81284254E+003, 0.79691644E+003, 0.19213406E-003, 0.19213406E-003, 0.80574595E+003, 0.61774913E+003,
 0.15000000E+003, 0.29375000E+001, 0.29375000E+001, 0.30250000E+001, 0.00000000E+000, 0.00000000E+000, 0.81138733E+003, 0.79701242E+003, 0.79719885E+003, 0.12118278E+004, 0.00000000E+000, 0.79699212E+003, 0.00000000E+000, 0.81281733E+003, 0.79691580E+003, 0.19023141E-003, 0.19023141E-003, 0.80573831E+003, 0.61759022E+003,
 0.15200000E+003, 0.29375000E+001, 0.29375000E+001, 0.30250000E+001, 0.00000000E+000, 0.00000000E+000, 0.81140502E+003, 0.79701003E+003, 0.79719380E+003, 0.12118622E+004, 0.00000000E+000, 0.79699001E+003, 0.00000000E+000, 0.81279074E+003, 0.79691487E+003, 0.18839074E-003, 0.18839074E-003, 0.80573027E+003, 0.61743157E+003,
 0.15400000E+003, 0.29375000E+001, 0.29375000E+001, 0.30250000E+001, 0.00000000E+000, 0.00000000E+000, 0.81142172E+003, 0.79700741E+003, 0.79718862E+003, 0.12118958E+004, 0.00000000E+000, 0.79698767E+003, 0.00000000E+000, 0.81276285E+003, 0.79691368E+003, 0.18660934E-003, 0.18660934E-003, 0.80572185E+003, 0.61727318E+003,
 0.15600000E+003, 0.29375000E+001, 0.29375000E+001, 0.30250000E+001, 0.00000000E+000, 0.00000000E+000, 0.81143745E+003, 0.79700459E+003, 0.79718330E+003, 0.12119286E+004, 0.00000000E+000, 0.79698511E+003, 0.00000000E+000, 0.81273374E+003, 0.79691224E+003, 0.18488436E-003, 0.18488436E-003, 0.80571308E+003, 0.61711504E+003,
 0.15800000E+003, 0.29375000E+001, 0.29375000E+001, 0.30250000E+001, 0.00000000E+000, 0.00000000E+000, 0.81145222E+003, 0.79700157E+003, 0.79717785E+003, 0.12119606E+004, 0.00000000E+000, 0.79698235E+003, 0.00000000E+000, 0.81270345E+003, 0.79691055E+003, 0.18321534E-003, 0.18321534E-003, 0.80570401E+003, 0.61695715E+003,
 0.16000000E+003, 0.29375000E+001, 0.29375000E+001, 0.30250000E+001, 0.00000000E+000, 0.00000000E+000, 0.81146606E+003, 0.79699836E+003, 0.79717230E+003, 0.12119919E+004, 0.00000000E+000, 0.79697940E+003, 0.00000000E+000, 0.81267208E+003, 0.79690864E+003, 0.18159796E-003, 0.18159796E-003, 0.80569465E+003, 0.61679951E+003,
 0.16200000E+003, 0.29375000E+001, 0.29375000E+001, 0.30250000E+001, 0.00000000E+000, 0.00000000E+000, 0.81147897E+003, 0.79699498E+003, 0.79716663E+003, 0.12120224E+004, 0.00000000E+000, 0.79697626E+003, 0.00000000E+000, 0.81263967E+003, 0.79690651E+003, 0.18003256E-003, 0.18003256E-003, 0.80568505E+003, 0.61664211E+003,
 0.16400000E+003, 0.29375000E+001, 0.29375000E+001, 0.30250000E+001, 0.00000000E+000, 0.00000000E+000, 0.81149098E+003, 0.79699143E+003, 0.79716087E+003, 0.12120523E+004, 0.00000000E+000, 0.79697294E+003, 0.00000000E+000, 0.81260630E+003, 0.79690417E+003, 0.17851521E-003, 0.17851521E-003, 0.80567525E+003, 0.61648496E+003,
 0.16600000E+003, 0.29375000E+001, 0.29375000E+001, 0.30250000E+001, 0.00000000E+000, 0.00000000E+000, 0.81150210E+003, 0.79698772E+003, 0.79715501E+003, 0.12120814E+004, 0.00000000E+000, 0.79696946E+003, 0.00000000E+000, 0.81257201E+003, 0.79690165E+003, 0.17704500E-003, 0.17704500E-003, 0.80566526E+003, 0.61632805E+003,
 0.16800000E+003, 0.29375000E+001, 0.29375000E+001, 0.30250000E+001, 0.00000000E+000, 0.00000000E+000, 0.81151236E+003, 0.79698386E+003, 0.79714906E+003, 0.12121098E+004, 0.00000000E+000, 0.79696583E+003, 0.00000000E+000, 0.81253687E+003, 0.79689893E+003, 0.17562029E-003, 0.17562029E-003, 0.80565514E+003, 0.61617139E+003,
 0.17000000E+003, 0.29375000E+001, 0.29375000E+001, 0.30250000E+001, 0.00000000E+000, 0.00000000E+000, 0.81152176E+003, 0.79697987E+003, 0.79714304E+003, 0.12121376E+004, 0.00000000E+000, 0.79696206E+003, 0.00000000E+000, 0.81250091E+003, 0.79689605E+003, 0.17424022E-003, 0.17424022E-003, 0.80564491E+003, 0.61601497E+003,
 0.17200000E+003, 0.29375000E+001, 0.29375000E+001, 0.30250000E+001, 0.00000000E+000, 0.00000000E+000, 0.81153032E+003, 0.79697575E+003, 0.79713695E+003, 0.12121647E+004, 0.00000000E+000, 0.79695815E+003, 0.00000000E+000, 0.81246421E+003, 0.79689300E+003, 0.17290162E-003, 0.17290162E-003, 0.80563460E+003, 0.61585879E+003,
 0.17400000E+003, 0.29375000E+001, 0.29375000E+001, 0.30250000E+001, 0.00000000E+000, 0.00000000E+000, 0.81153806E+003, 0.79697151E+003, 0.79713080E+003, 0.12121911E+004, 0.00000000E+000, 0.79695411E+003, 0.00000000E+000, 0.81242680E+003, 0.79688980E+003, 0.17160320E-003, 0.17160320E-003, 0.80562423E+003, 0.61570285E+003,
 0.17600000E+003, 0.29375000E+001, 0.29375000E+001, 0.30250000E+001, 0.00000000E+000, 0.00000000E+000, 0.81154500E+003, 0.79696715E+003, 0.79712459E+003, 0.12122169E+004, 0.00000000E+000, 0.79694995E+003, 0.00000000E+000, 0.81238875E+003, 0.79688645E+003, 0.17034361E-003, 0.17034361E-003, 0.80561384E+003, 0.61554716E+003,
 0.17800000E+003, 0.29375000E+001, 0.29375000E+001, 0.30250000E+001, 0.00000000E+000, 0.00000000E+000, 0.81155115E+003, 0.79696269E+003, 0.79711833E+003, 0.12122420E+004, 0.00000000E+000, 0.79694569E+003, 0.00000000E+000, 0.81235010E+003, 0.79688297E+003, 0.16912156E-003, 0.16912156E-003, 0.80560345E+003, 0.61539170E+003,
 0.18000000E+003, 0.29375000E+001, 0.29375000E+001, 0.30250000E+001, 0.00000000E+000, 0.00000000E+000, 0.81155653E+003, 0.79695814E+003, 0.79711202E+003, 0.12122666E+004, 0.00000000E+000, 0.79694132E+003, 0.00000000E+000, 0.81231090E+003, 0.79687937E+003, 0.16793500E-003, 0.16793500E-003, 0.80559309E+003, 0.61523649E+003,
 0.18200000E+003, 0.29375000E+001, 0.29375000E+001, 0.30250000E+001, 0.00000000E+000, 0.00000000E+000, 0.81156116E+003, 0.79695349E+003, 0.79710568E+003, 0.12122905E+004, 0.00000000E+000, 0.79693686E+003, 0.00000000E+000, 0.81227117E+003, 0.79687564E+003, 0.16678434E-003, 0.16678434E-003, 0.80558279E+003, 0.61508154E+003,
 0.18400000E+003, 0.29375000E+001, 0.29375000E+001, 0.30250000E+001, 0.00000000E+000, 0.00000000E+000, 0.81156504E+003, 0.79694877E+003, 0.79709930E+003, 0.12123139E+004, 0.00000000E+000, 0.79693231E+003, 0.00000000E+000, 0.81223099E+003, 0.79687181E+003, 0.16566752E-003, 0.16566752E-003, 0.80557256E+003, 0.61492681E+003,
 0.18600000E+003, 0.29375000E+001, 0.29375000E+001, 0.30250000E+001, 0.00000000E+000, 0.00000000E+000, 0.81156820E+003, 0.79694397E+003, 0.79709290E+003, 0.12123368E+004, 0.00000000E+000, 0.79692768E+003, 0.00000000E+000, 0.81219038E+003, 0.79686787E+003, 0.16458315E-003, 0.16458315E-003, 0.80556243E+003, 0.61477234E+003,
 0.18800000E+003, 0.29375000E+001, 0.29375000E+001, 0.30250000E+001, 0.00000000E+000, 0.00000000E+000, 0.81157066E+003, 0.79693910E+003, 0.79708648E+003, 0.12123591E+004, 0.00000000E+000, 0.79692298E+003, 0.00000000E+000, 0.81214938E+003, 0.79686384E+003, 0.16352936E-003, 0.16352936E-003, 0.80555242E+003, 0.61461812E+003,
 0.19000000E+003, 0.29375000E+001, 0.29375000E+001, 0.30250000E+001, 0.00000000E+000, 0.00000000E+000, 0.81157241E+003, 0.79693417E+003, 0.79708003E+003, 0.12123810E+004, 0.00000000E+000, 0.79691821E+003, 0.00000000E+000, 0.81210802E+003, 0.79685972E+003, 0.16250699E-003, 0.16250699E-003, 0.80554255E+003, 0.61446415E+003,
 0.19200000E+003, 0.29375000E+001, 0.29375000E+001, 0.30250000E+001, 0.00000000E+000, 0.00000000E+000, 0.81157349E+003, 0.79692918E+003, 0.79707358E+003, 0.12124023E+004, 0.00000000E+000, 0.79691338E+003, 0.00000000E+000, 0.81206636E+003, 0.79685552E+003, 0.16151268E-003, 0.16151268E-003, 0.80553284E+003, 0.61431043E+003,
 0.19400000E+003, 0.29375000E+001, 0.29375000E+001, 0.30250000E+001, 0.00000000E+000, 0.00000000E+000, 0.81157391E+003, 0.79692415E+003, 0.79706711E+003, 0.12124232E+004, 0.00000000E+000, 0.79690850E+003, 0.00000000E+000, 0.81202441E+003, 0.79685125E+003, 0.16054790E-003, 0.16054790E-003, 0.80552331E+003, 0.61415697E+003,
 0.19600000E+003, 0.29375000E+001, 0.29375000E+001, 0.30250000E+001, 0.00000000E+000, 0.00000000E+000, 0.81157367E+003, 0.79691907E+003, 0.79706065E+003, 0.12124436E+004, 0.00000000E+000, 0.79690357E+003, 0.00000000E+000, 0.81198222E+003, 0.79684691E+003, 0.15960921E-003, 0.15960921E-003, 0.80551396E+003, 0.61400377E+003,
 0.19800000E+003, 0.29375000E+001, 0.29375000E+001, 0.30250000E+001, 0.00000000E+000, 0.00000000E+000, 0.81157280E+003, 0.79691395E+003, 0.79705418E+003, 0.12124636E+004, 0.00000000E+000, 0.79689859E+003, 0.00000000E+000, 0.81193980E+003, 0.79684251E+003, 0.15869818E-003, 0.15869818E-003, 0.80550482E+003, 0.61385083E+003,
 0.20000000E+003, 0.29375000E+001, 0.29375000E+001, 0.30250000E+001, 0.00000000E+000, 0.00000000E+000, 0.81157131E+003, 0.79690880E+003, 0.79704771E+003, 0.12124831E+004, 0.00000000E+000, 0.79689358E+003, 0.00000000E+000, 0.81189720E+003, 0.79683806E+003, 0.15781137E-003, 0.15781137E-003, 0.80549590E+003, 0.61369815E+003,
 0.20200000E+003, 0.29375000E+001, 0.29375000E+001, 0.30250000E+001, 0.00000000E+000, 0.00000000E+000, 0.81156922E+003, 0.79690361E+003, 0.79704126E+003, 0.12125023E+004, 0.00000000E+000, 0.79688854E+003, 0.00000000E+000, 0.81185444E+003, 0.79683355E+003, 0.15695016E-003, 0.15695016E-003, 0.80548721E+003, 0.61354574E+003,
 0.20400000E+003, 0.29375000E+001, 0.29375000E+001, 0.30250000E+001, 0.00000000E+000, 0.00000000E+000, 0.81156653E+003, 0.79689841E+003, 0.79703481E+003, 0.12125210E+004, 0.00000000E+000, 0.79688346E+003, 0.00000000E+000, 0.81181155E+003, 0.79682900E+003, 0.15611211E-003, 0.15611211E-003, 0.80547876E+003, 0.61339360E+003,
 0.20600000E+003, 0.29375000E+001, 0.29375000E+001, 0.30250000E+001, 0.00000000E+000, 0.00000000E+000, 0.81156325E+003, 0.79689318E+003, 0.79702838E+003, 0.12125393E+004, 0.00000000E+000, 0.79687837E+003, 0.00000000E+000, 0.81176856E+003, 0.79682441E+003, 0.15529665E-003, 0.15529665E-003, 0.80547056E+003, 0.61324172E+003,
 0.20800000E+003, 0.29375000E+001, 0.29375000E+001, 0.30250000E+001, 0.00000000E+000, 0.00000000E+000, 0.81155942E+003, 0.79688794E+003, 0.79702197E+003, 0.12125572E+004, 0.00000000E+000, 0.79687325E+003, 0.00000000E+000, 0.81172549E+003, 0.79681978E+003, 0.15450350E-003, 0.15450350E-003, 0.80546262E+003, 0.61309011E+003,
 0.21000000E+003, 0.29375000E+001, 0.29375000E+001, 0.30250000E+001, 0.00000000E+000, 0.00000000E+000, 0.81155503E+003, 0.79688268E+003, 0.79701558E+003, 0.12125748E+004, 0.00000000E+000, 0.79686812E+003, 0.00000000E+000, 0.81168237E+003, 0.79681513E+003, 0.15373280E-003, 0.15373280E-003, 0.80545495E+003, 0.61293877E+003,
 0.21200000E+003, 0.29375000E+001, 0.29375000E+001, 0.30250000E+001, 0.00000000E+000, 0.00000000E+000, 0.81155010E+003, 0.79687742E+003, 0.79700921E+003, 0.12125920E+004, 0.00000000E+000, 0.79686297E+003, 0.00000000E+000, 0.81163921E+003, 0.79681045E+003, 0.15298213E-003, 0.15298213E-003, 0.80544756E+003, 0.61278770E+003,
 0.21400000E+003, 0.29375000E+001, 0.29375000E+001, 0.30250000E+001, 0.00000000E+000, 0.00000000E+000, 0.81154464E+003, 0.79687215E+003, 0.79700287E+003, 0.12126089E+004, 0.00000000E+000, 0.79685783E+003, 0.00000000E+000, 0.81159604E+003, 0.79680574E+003, 0.15225147E-003, 0.15225147E-003, 0.80544046E+003, 0.61263690E+003,
 0.21600000E+003, 0.29375000E+001, 0.29375000E+001, 0.30250000E+001, 0.00000000E+000, 0.00000000E+000, 0.81153867E+003, 0.79686689E+003, 0.79699655E+003, 0.12126254E+004, 0.00000000E+000, 0.79685267E+003, 0.00000000E+000, 0.81155288E+003, 0.79680103E+003, 0.15154010E-003, 0.15154010E-003, 0.80543363E+003, 0.61248638E+003,
 0.21800000E+003, 0.29375000E+001, 0.29375000E+001, 0.30250000E+001, 0.00000000E+000, 0.00000000E+000, 0.81153219E+003, 0.79686163E+003, 0.79699027E+003, 0.12126416E+004, 0.00000000E+000, 0.79684752E+003, 0.00000000E+000, 0.81150976E+003, 0.79679630E+003, 0.15084752E-003, 0.15084752E-003, 0.80542710E+003, 0.61233611E+003,
 0.22000000E+003, 0.29375000E+001, 0.29375000E+001, 0.30250000E+001, 0.00000000E+000, 0.00000000E+000, 0.81152522E+003, 0.79685637E+003, 0.79698403E+003, 0.12126575E+004, 0.00000000E+000, 0.79684237E+003, 0.00000000E+000, 0.81146667E+003, 0.79679156E+003, 0.15017313E-003, 0.15017313E-003, 0.80542086E+003, 0.61218613E+003,
 0.22200000E+003, 0.29375000E+001, 0.29375000E+001, 0.30250000E+001, 0.00000000E+000, 0.00000000E+000, 0.81151778E+003, 0.79685113E+003, 0.79697782E+003, 0.12126731E+004, 0.00000000E+000, 0.79683723E+003, 0.00000000E+000, 0.81142366E+003, 0.79678681E+003, 0.14951635E-003, 0.14951635E-003, 0.80541492E+003, 0.61203641E+003,
 0.22400000E+003, 0.29375000E+001, 0.29375000E+001, 0.30250000E+001, 0.00000000E+000, 0.00000000E+000, 0.81150987E+003, 0.79684590E+003, 0.79697165E+003, 0.12126884E+004, 0.00000000E+000, 0.79683210E+003, 0.00000000E+000, 0.81138073E+003, 0.79678207E+003, 0.14887659E-003, 0.14887659E-003, 0.80540928E+003, 0.61188696E+003,
 0.22600000E+003, 0.29375000E+001, 0.29375000E+001, 0.30250000E+001, 0.00000000E+000, 0.00000000E+000, 0.81150150E+003, 0.79684068E+003, 0.79696552E+003, 0.12127034E+004, 0.00000000E+000, 0.79682699E+003, 0.00000000E+000, 0.81133789E+003, 0.79677732E+003, 0.14825334E-003, 0.14825334E-003, 0.80540394E+003, 0.61173779E+003,
 0.22800000E+003, 0.29375000E+001, 0.29375000E+001, 0.30250000E+001, 0.00000000E+000, 0.00000000E+000, 0.81149269E+003, 0.79683549E+003, 0.79695944E+003, 0.12127181E+004, 0.00000000E+000, 0.79682189E+003, 0.00000000E+000, 0.81129517E+003, 0.79677258E+003, 0.14764595E-003, 0.14764595E-003, 0.80539890E+003, 0.61158888E+003,
 0.23000000E+003, 0.29375000E+001, 0.29375000E+001, 0.30250000E+001, 0.00000000E+000, 0.00000000E+000, 0.81148344E+003, 0.79683031E+003, 0.79695341E+003, 0.12127326E+004, 0.00000000E+000, 0.79681681E+003, 0.00000000E+000, 0.81125259E+003, 0.79676786E+003, 0.14705391E-003, 0.14705391E-003, 0.80539415E+003, 0.61144025E+003,
 0.23200000E+003, 0.29375000E+001, 0.29375000E+001, 0.30250000E+001, 0.00000000E+000, 0.00000000E+000, 0.81147378E+003, 0.79682517E+003, 0.79694742E+003, 0.12127468E+004, 0.00000000E+000, 0.79681175E+003, 0.00000000E+000, 0.81121014E+003, 0.79676314E+003, 0.14647589E-003, 0.14647589E-003, 0.80538971E+003, 0.61129189E+003,
 0.23400000E+003, 0.29375000E+001, 0.29375000E+001, 0.30250000E+001, 0.00000000E+000, 0.00000000E+000, 0.81146370E+003, 0.79682005E+003, 0.79694148E+003, 0.12127607E+004, 0.00000000E+000, 0.79680672E+003, 0.00000000E+000, 0.81116785E+003, 0.79675844E+003, 0.14591344E-003, 0.14591344E-003, 0.80538557E+003, 0.61114380E+003,
 0.23600000E+003, 0.29375000E+001, 0.29375000E+001, 0.30250000E+001, 0.00000000E+000, 0.00000000E+000, 0.81145322E+003, 0.79681496E+003, 0.79693560E+003, 0.12127744E+004, 0.00000000E+000, 0.79680172E+003, 0.00000000E+000, 0.81112573E+003, 0.79675375E+003, 0.14536504E-003, 0.14536504E-003, 0.80538172E+003, 0.61099599E+003,
 0.23800000E+003, 0.29375000E+001, 0.29375000E+001, 0.30250000E+001, 0.00000000E+000, 0.00000000E+000, 0.81144236E+003, 0.79680990E+003, 0.79692977E+003, 0.12127878E+004, 0.00000000E+000, 0.79679674E+003, 0.00000000E+000, 0.81108379E+003, 0.79674909E+003, 0.14483028E-003, 0.14483028E-003, 0.80537817E+003, 0.61084845E+003,
 0.24000000E+003, 0.29375000E+001, 0.29375000E+001, 0.30250000E+001, 0.00000000E+000, 0.00000000E+000, 0.81143111E+003, 0.79680488E+003, 0.79692399E+003, 0.12128011E+004, 0.00000000E+000, 0.79679180E+003, 0.00000000E+000, 0.81104206E+003, 0.79674445E+003, 0.14430837E-003, 0.14430837E-003, 0.80537490E+003, 0.61070118E+003,
 0.24200000E+003, 0.29375000E+001, 0.29375000E+001, 0.30250000E+001, 0.00000000E+000, 0.00000000E+000, 0.81141949E+003, 0.79679989E+003, 0.79691828E+003, 0.12128141E+004, 0.00000000E+000, 0.79678690E+003, 0.00000000E+000, 0.81100054E+003, 0.79673983E+003, 0.14379836E-003, 0.14379836E-003, 0.80537192E+003, 0.61055418E+003,
 0.24400000E+003, 0.29375000E+001, 0.29375000E+001, 0.30250000E+001, 0.00000000E+000, 0.00000000E+000, 0.81140752E+003, 0.79679495E+003, 0.79691262E+003, 0.12128269E+004, 0.00000000E+000, 0.79678203E+003, 0.00000000E+000, 0.81095923E+003, 0.79673525E+003, 0.14330188E-003, 0.14330188E-003, 0.80536923E+003, 0.61040746E+003,
 0.24600000E+003, 0.29375000E+001, 0.29375000E+001, 0.30250000E+001, 0.00000000E+000, 0.00000000E+000, 0.81139520E+003, 0.79679005E+003, 0.79690703E+003, 0.12128394E+004, 0.00000000E+000, 0.79677721E+003, 0.00000000E+000, 0.81091816E+003, 0.79673069E+003, 0.14281719E-003, 0.14281719E-003, 0.80536681E+003, 0.61026100E+003,
 0.24800000E+003, 0.29375000E+001, 0.29375000E+001, 0.30250000E+001, 0.00000000E+000, 0.00000000E+000, 0.81138253E+003, 0.79678519E+003, 0.79690149E+003, 0.12128518E+004, 0.00000000E+000, 0.79677242E+003, 0.00000000E+000, 0.81087733E+003, 0.79672617E+003, 0.14234303E-003, 0.14234303E-003, 0.80536468E+003, 0.61011481E+003,
 0.25000000E+003, 0.29375000E+001, 0.29375000E+001, 0.30250000E+001, 0.00000000E+000, 0.00000000E+000, 0.81136954E+003, 0.79678038E+003, 0.79689603E+003, 0.12128640E+004, 0.00000000E+000, 0.79676768E+003, 0.00000000E+000, 0.81083675E+003, 0.79672169E+003, 0.14188139E-003, 0.14188139E-003, 0.80536281E+003, 0.60996891E+003,
 0.25200000E+003, 0.29375000E+001, 0.29375000E+001, 0.30250000E+001, 0.00000000E+000, 0.00000000E+000, 0.81135623E+003, 0.79677562E+003, 0.79689063E+003, 0.12128760E+004, 0.00000000E+000, 0.79676299E+003, 0.00000000E+000, 0.81079644E+003, 0.79671724E+003, 0.14143035E-003, 0.14143035E-003, 0.80536121E+003, 0.60982326E+003,
 0.25400000E+003, 0.29375000E+001, 0.29375000E+001, 0.30250000E+001, 0.00000000E+000, 0.00000000E+000, 0.81134260E+003, 0.79677090E+003, 0.79688529E+003, 0.12128878E+004, 0.00000000E+000, 0.79675835E+003, 0.00000000E+000, 0.81075640E+003, 0.79671284E+003, 0.14098910E-003, 0.14098910E-003, 0.80535988E+003, 0.60967789E+003,
 0.25600000E+003, 0.29375000E+001, 0.29375000E+001, 0.30250000E+001, 0.00000000E+000, 0.00000000E+000, 0.81132868E+003, 0.79676624E+003, 0.79688003E+003, 0.12128995E+004, 0.00000000E+000, 0.79675375E+003, 0.00000000E+000, 0.81071664E+003, 0.79670847E+003, 0.14055915E-003, 0.14055915E-003, 0.80535880E+003, 0.60953278E+003,
 0.25800000E+003, 0.29375000E+001, 0.29375000E+001, 0.30250000E+001, 0.00000000E+000, 0.00000000E+000, 0.81131446E+003, 0.79676164E+003, 0.79687484E+003, 0.12129109E+004, 0.00000000E+000, 0.79674921E+003, 0.00000000E+000, 0.81067718E+003, 0.79670416E+003, 0.14013789E-003, 0.14013789E-003, 0.80535798E+003, 0.60938794E+003,
 0.26000000E+003, 0.29375000E+001, 0.29375000E+001, 0.30250000E+001, 0.00000000E+000, 0.00000000E+000, 0.81129996E+003, 0.79675709E+003, 0.79686972E+003, 0.12129222E+004, 0.00000000E+000, 0.79674472E+003, 0.00000000E+000, 0.81063801E+003, 0.79669988E+003, 0.13972757E-003, 0.13972757E-003, 0.80535741E+003, 0.60924337E+003,
 0.26200000E+003, 0.29375000E+001, 0.29375000E+001, 0.30250000E+001, 0.00000000E+000, 0.00000000E+000, 0.81128518E+003, 0.79675259E+003, 0.79686467E+003, 0.12129334E+004, 0.00000000E+000, 0.79674029E+003, 0.00000000E+000, 0.81059916E+003, 0.79669566E+003, 0.13932532E-003, 0.13932532E-003, 0.80535708E+003, 0.60909906E+003,
 0.26400000E+003, 0.29375000E+001, 0.29375000E+001, 0.30250000E+001, 0.00000000E+000, 0.00000000E+000, 0.81127014E+003, 0.79674816E+003, 0.79685969E+003, 0.12129444E+004, 0.00000000E+000, 0.79673591E+003, 0.00000000E+000, 0.81056061E+003, 0.79669149E+003, 0.13893350E-003, 0.13893350E-003, 0.80535700E+003, 0.60895502E+003,
 0.26600000E+003, 0.29375000E+001, 0.29375000E+001, 0.30250000E+001, 0.00000000E+000, 0.00000000E+000, 0.81125484E+003, 0.79674379E+003, 0.79685480E+003, 0.12129552E+004, 0.00000000E+000, 0.79673160E+003, 0.00000000E+000, 0.81052239E+003, 0.79668737E+003, 0.13854913E-003, 0.13854913E-003, 0.80535714E+003, 0.60881124E+003,
 0.26800000E+003, 0.29375000E+001, 0.29375000E+001, 0.30250000E+001, 0.00000000E+000, 0.00000000E+000, 0.81123929E+003, 0.79673947E+003, 0.79684998E+003, 0.12129660E+004, 0.00000000E+000, 0.79672734E+003, 0.00000000E+000, 0.81048450E+003, 0.79668330E+003, 0.13817470E-003, 0.13817470E-003, 0.80535752E+003, 0.60866772E+003,
 0.27000000E+003, 0.29375000E+001, 0.29375000E+001, 0.30250000E+001, 0.00000000E+000, 0.00000000E+000, 0.81122350E+003, 0.79673523E+003, 0.79684523E+003, 0.12129765E+004, 0.00000000E+000, 0.79672315E+003, 0.00000000E+000, 0.81044694E+003, 0.79667929E+003, 0.13780725E-003, 0.13780725E-003, 0.80535812E+003, 0.60852447E+003,
 0.27200000E+003, 0.29375000E+001, 0.29375000E+001, 0.30250000E+001, 0.00000000E+000, 0.00000000E+000, 0.81120748E+003, 0.79673104E+003, 0.79684057E+003, 0.12129870E+004, 0.00000000E+000, 0.79671902E+003, 0.00000000E+000, 0.81040973E+003, 0.79667534E+003, 0.13744896E-003, 0.13744896E-003, 0.80535893E+003, 0.60838147E+003,
 0.27400000E+003, 0.29375000E+001, 0.29375000E+001, 0.30250000E+001, 0.00000000E+000, 0.00000000E+000, 0.81119123E+003, 0.79672693E+003, 0.79683598E+003, 0.12129973E+004, 0.00000000E+000, 0.79671495E+003, 0.00000000E+000, 0.81037286E+003, 0.79667145E+003, 0.13709768E-003, 0.13709768E-003, 0.80535997E+003, 0.60823874E+003,
 0.27600000E+003, 0.29375000E+001, 0.29375000E+001, 0.30250000E+001, 0.00000000E+000, 0.00000000E+000, 0.81117477E+003, 0.79672288E+003, 0.79683148E+003, 0.12130075E+004, 0.00000000E+000, 0.79671096E+003, 0.00000000E+000, 0.81033635E+003, 0.79666761E+003, 0.13675368E-003, 0.13675368E-003, 0.80536121E+003, 0.60809626E+003,
 0.27800000E+003, 0.29375000E+001, 0.29375000E+001, 0.30250000E+001, 0.00000000E+000, 0.00000000E+000, 0.81115810E+003, 0.79671890E+003, 0.79682706E+003, 0.12130176E+004, 0.00000000E+000, 0.79670703E+003, 0.00000000E+000, 0.81030019E+003, 0.79666384E+003, 0.13641848E-003, 0.13641848E-003, 0.80536266E+003, 0.60795405E+003,
 0.28000000E+003, 0.29375000E+001, 0.29375000E+001, 0.30250000E+001, 0.00000000E+000, 0.00000000E+000, 0.81114123E+003, 0.79671499E+003, 0.79682272E+003, 0.12130276E+004, 0.00000000E+000, 0.79670316E+003, 0.00000000E+000, 0.81026439E+003, 0.79666013E+003, 0.13608913E-003, 0.13608913E-003, 0.80536430E+003, 0.60781210E+003,
 0.28200000E+003, 0.29375000E+001, 0.29375000E+001, 0.30250000E+001, 0.00000000E+000, 0.00000000E+000, 0.81112417E+003, 0.79671116E+003, 0.79681847E+003, 0.12130374E+004, 0.00000000E+000, 0.79669937E+003, 0.00000000E+000, 0.81022897E+003, 0.79665649E+003, 0.13576668E-003, 0.13576668E-003, 0.80536614E+003, 0.60767040E+003,
 0.28400000E+003, 0.29375000E+001, 0.29375000E+001, 0.30250000E+001, 0.00000000E+000, 0.00000000E+000, 0.81110692E+003, 0.79670739E+003, 0.79681430E+003, 0.12130472E+004, 0.00000000E+000, 0.79669565E+003, 0.00000000E+000, 0.81019391E+003, 0.79665291E+003, 0.13545247E-003, 0.13545247E-003, 0.80536817E+003, 0.60752896E+003,
 0.28600000E+003, 0.29375000E+001, 0.29375000E+001, 0.30250000E+001, 0.00000000E+000, 0.00000000E+000, 0.81108949E+003, 0.79670370E+003, 0.79681021E+003, 0.12130569E+004, 0.00000000E+000, 0.79669201E+003, 0.00000000E+000, 0.81015922E+003, 0.79664940E+003, 0.13514342E-003, 0.13514342E-003, 0.80537039E+003, 0.60738778E+003,
 0.28800000E+003, 0.29375000E+001, 0.29375000E+001, 0.30250000E+001, 0.00000000E+000, 0.00000000E+000, 0.81107190E+003, 0.79670008E+003, 0.79680622E+003, 0.12130665E+004, 0.00000000E+000, 0.79668843E+003, 0.00000000E+000, 0.81012492E+003, 0.79664596E+003, 0.13484075E-003, 0.13484075E-003, 0.80537278E+003, 0.60724685E+003,
 0.29000000E+003, 0.29375000E+001, 0.29375000E+001, 0.30250000E+001, 0.00000000E+000, 0.00000000E+000, 0.81105414E+003, 0.79669654E+003, 0.79680230E+003, 0.12130760E+004, 0.00000000E+000, 0.79668493E+003, 0.00000000E+000, 0.81009099E+003, 0.79664258E+003, 0.13454559E-003, 0.13454559E-003, 0.80537535E+003, 0.60710618E+003,
 0.29200000E+003, 0.29375000E+001, 0.29375000E+001, 0.30250000E+001, 0.00000000E+000, 0.00000000E+000, 0.81103622E+003, 0.79669308E+003, 0.79679848E+003, 0.12130854E+004, 0.00000000E+000, 0.79668151E+003, 0.00000000E+000, 0.81005744E+003, 0.79663928E+003, 0.13425539E-003, 0.13425539E-003, 0.80537809E+003, 0.60696577E+003,
 0.29400000E+003, 0.29375000E+001, 0.29375000E+001, 0.30250000E+001, 0.00000000E+000, 0.00000000E+000, 0.81101816E+003, 0.79668969E+003, 0.79679474E+003, 0.12130947E+004, 0.00000000E+000, 0.79667816E+003, 0.00000000E+000, 0.81002429E+003, 0.79663605E+003, 0.13397086E-003, 0.13397086E-003, 0.80538100E+003, 0.60682561E+003,
 0.29600000E+003, 0.29375000E+001, 0.29375000E+001, 0.30250000E+001, 0.00000000E+000, 0.00000000E+000, 0.81099995E+003, 0.79668638E+003, 0.79679109E+003, 0.12131039E+004, 0.00000000E+000, 0.79667489E+003, 0.00000000E+000, 0.80999152E+003, 0.79663289E+003, 0.13369207E-003, 0.13369207E-003, 0.80538407E+003, 0.60668570E+003,
 0.29800000E+003, 0.29375000E+001, 0.29375000E+001, 0.30250000E+001, 0.00000000E+000, 0.00000000E+000, 0.81098161E+003, 0.79668315E+003, 0.79678753E+003, 0.12131131E+004, 0.00000000E+000, 0.79667169E+003, 0.00000000E+000, 0.80995914E+003, 0.79662981E+003, 0.13342018E-003, 0.13342018E-003, 0.80538729E+003, 0.60654605E+003,
 0.30000000E+003, 0.29375000E+001, 0.29375000E+001, 0.30250000E+001, 0.00000000E+000, 0.00000000E+000, 0.81096314E+003, 0.79668000E+003, 0.79678406E+003, 0.12131222E+004, 0.00000000E+000, 0.79666858E+003, 0.00000000E+000, 0.80992714E+003, 0.79662679E+003, 0.13315260E-003, 0.13315260E-003, 0.80539068E+003, 0.60640665E+003,
 0.30200000E+003, 0.29375000E+001, 0.29375000E+001, 0.30250000E+001, 0.00000000E+000, 0.00000000E+000, 0.81094454E+003, 0.79667693E+003, 0.79678067E+003, 0.12131313E+004, 0.00000000E+000, 0.79666554E+003, 0.00000000E+000, 0.80989554E+003, 0.79662386E+003, 0.13289005E-003, 0.13289005E-003, 0.80539421E+003, 0.60626751E+003,
 0.30400000E+003, 0.29375000E+001, 0.29375000E+001, 0.30250000E+001, 0.00000000E+000, 0.00000000E+000, 0.81092583E+003, 0.79667393E+003, 0.79677738E+003, 0.12131403E+004, 0.00000000E+000, 0.79666258E+003, 0.00000000E+000, 0.80986434E+003, 0.79662100E+003, 0.13263262E-003, 0.13263262E-003, 0.80539788E+003, 0.60612861E+003,
 0.30600000E+003, 0.29375000E+001, 0.29375000E+001, 0.30250000E+001, 0.00000000E+000, 0.00000000E+000, 0.81090701E+003, 0.79667102E+003, 0.79677418E+003, 0.12131492E+004, 0.00000000E+000, 0.79665970E+003, 0.00000000E+000, 0.80983352E+003, 0.79661821E+003, 0.13238026E-003, 0.13238026E-003, 0.80540170E+003, 0.60598997E+003,
 0.30800000E+003, 0.29375000E+001, 0.29375000E+001, 0.30250000E+001, 0.00000000E+000, 0.00000000E+000, 0.81088809E+003, 0.79666819E+003, 0.79677106E+003, 0.12131581E+004, 0.00000000E+000, 0.79665690E+003, 0.00000000E+000, 0.80980309E+003, 0.79661550E+003, 0.13213402E-003, 0.13213402E-003, 0.80540566E+003, 0.60585158E+003,
 0.31000000E+003, 0.29375000E+001, 0.29375000E+001, 0.30250000E+001, 0.00000000E+000, 0.00000000E+000, 0.81086907E+003, 0.79666545E+003, 0.79676804E+003, 0.12131669E+004, 0.00000000E+000, 0.79665419E+003, 0.00000000E+000, 0.80977305E+003, 0.79661287E+003, 0.13189142E-003, 0.13189142E-003, 0.80540976E+003, 0.60571344E+003,
 0.31200000E+003, 0.29375000E+001, 0.29375000E+001, 0.30250000E+001, 0.00000000E+000, 0.00000000E+000, 0.81084996E+003, 0.79666278E+003, 0.79676510E+003, 0.12131757E+004, 0.00000000E+000, 0.79665155E+003, 0.00000000E+000, 0.80974340E+003, 0.79661032E+003, 0.13165330E-003, 0.13165330E-003, 0.80541398E+003, 0.60557556E+003,
 0.31400000E+003, 0.29375000E+001, 0.29375000E+001, 0.30250000E+001, 0.00000000E+000, 0.00000000E+000, 0.81083076E+003, 0.79666020E+003, 0.79676226E+003, 0.12131844E+004, 0.00000000E+000, 0.79664900E+003, 0.00000000E+000, 0.80971414E+003, 0.79660784E+003, 0.13141964E-003, 0.13141964E-003, 0.80541833E+003, 0.60543792E+003,
 0.31600000E+003, 0.29375000E+001, 0.29375000E+001, 0.30250000E+001, 0.00000000E+000, 0.00000000E+000, 0.81081149E+003, 0.79665770E+003, 0.79675950E+003, 0.12131931E+004, 0.00000000E+000, 0.79664652E+003, 0.00000000E+000, 0.80968527E+003, 0.79660544E+003, 0.13119033E-003, 0.13119033E-003, 0.80542281E+003, 0.60530052E+003,
 0.31800000E+003, 0.29375000E+001, 0.29375000E+001, 0.30250000E+001, 0.00000000E+000, 0.00000000E+000, 0.81079214E+003, 0.79665528E+003, 0.79675684E+003, 0.12132017E+004, 0.00000000E+000, 0.79664413E+003, 0.00000000E+000, 0.80965678E+003, 0.79660312E+003, 0.13096539E-003, 0.13096539E-003, 0.80542741E+003, 0.60516337E+003,
 0.32000000E+003, 0.29375000E+001, 0.29375000E+001, 0.30250000E+001, 0.00000000E+000, 0.00000000E+000, 0.81077272E+003, 0.79665294E+003, 0.79675426E+003, 0.12132103E+004, 0.00000000E+000, 0.79664182E+003, 0.00000000E+000, 0.80962867E+003, 0.79660088E+003, 0.13074455E-003, 0.13074455E-003, 0.80543212E+003, 0.60502648E+003,
 0.32200000E+003, 0.29375000E+001, 0.29375000E+001, 0.30250000E+001, 0.00000000E+000, 0.00000000E+000, 0.81075323E+003, 0.79665069E+003, 0.79675178E+003, 0.12132189E+004, 0.00000000E+000, 0.79663960E+003, 0.00000000E+000, 0.80960094E+003, 0.79659872E+003, 0.13052900E-003, 0.13052900E-003, 0.80543695E+003, 0.60488982E+003,
 0.32400000E+003, 0.29375000E+001, 0.29375000E+001, 0.30250000E+001, 0.00000000E+000, 0.00000000E+000, 0.81073369E+003, 0.79664851E+003, 0.79674938E+003, 0.12132274E+004, 0.00000000E+000, 0.79663745E+003, 0.00000000E+000, 0.80957358E+003, 0.79659664E+003, 0.13031637E-003, 0.13031637E-003, 0.80544190E+003, 0.60475342E+003,
 0.32600000E+003, 0.29375000E+001, 0.29375000E+001, 0.30250000E+001, 0.00000000E+000, 0.00000000E+000, 0.81071410E+003, 0.79664642E+003, 0.79674707E+003, 0.12132359E+004, 0.00000000E+000, 0.79663538E+003, 0.00000000E+000, 0.80954660E+003, 0.79659464E+003, 0.13010764E-003, 0.13010764E-003, 0.80544696E+003, 0.60461725E+003,
 0.32800000E+003, 0.29375000E+001, 0.29375000E+001, 0.30250000E+001, 0.00000000E+000, 0.00000000E+000, 0.81069445E+003, 0.79664442E+003, 0.79674485E+003, 0.12132444E+004, 0.00000000E+000, 0.79663340E+003, 0.00000000E+000, 0.80951998E+003, 0.79659271E+003, 0.12990255E-003, 0.12990255E-003, 0.80545213E+003, 0.60448134E+003,
 0.33000000E+003, 0.29375000E+001, 0.29375000E+001, 0.30250000E+001, 0.00000000E+000, 0.00000000E+000, 0.81067477E+003, 0.79664249E+003, 0.79674271E+003, 0.12132528E+004, 0.00000000E+000, 0.79663150E+003, 0.00000000E+000, 0.80949373E+003, 0.79659087E+003, 0.12970123E-003, 0.12970123E-003, 0.80545739E+003, 0.60434567E+003,
 0.33200000E+003, 0.29375000E+001, 0.29375000E+001, 0.30250000E+001, 0.00000000E+000, 0.00000000E+000, 0.81065504E+003, 0.79664065E+003, 0.79674067E+003, 0.12132613E+004, 0.00000000E+000, 0.79662968E+003, 0.00000000E+000, 0.80946784E+003, 0.79658910E+003, 0.12950344E-003, 0.12950344E-003, 0.80546276E+003, 0.60421023E+003,
 0.33400000E+003, 0.29375000E+001, 0.29375000E+001, 0.30250000E+001, 0.00000000E+000, 0.00000000E+000, 0.81063528E+003, 0.79663889E+003, 0.79673871E+003, 0.12132697E+004, 0.00000000E+000, 0.79662794E+003, 0.00000000E+000, 0.80944230E+003, 0.79658742E+003, 0.12930914E-003, 0.12930914E-003, 0.80546823E+003, 0.60407504E+003,
 0.33600000E+003, 0.29375000E+001, 0.29375000E+001, 0.30250000E+001, 0.00000000E+000, 0.00000000E+000, 0.81061550E+003, 0.79663720E+003, 0.79673683E+003, 0.12132780E+004, 0.00000000E+000, 0.79662628E+003, 0.00000000E+000, 0.80941711E+003, 0.79658581E+003, 0.12911840E-003, 0.12911840E-003, 0.80547379E+003, 0.60394009E+003,
 0.33800000E+003, 0.29375000E+001, 0.29375000E+001, 0.30250000E+001, 0.00000000E+000, 0.00000000E+000, 0.81059568E+003, 0.79663560E+003, 0.79673504E+003, 0.12132864E+004, 0.00000000E+000, 0.79662470E+003, 0.00000000E+000, 0.80939227E+003, 0.79658428E+003, 0.12893096E-003, 0.12893096E-003, 0.80547945E+003, 0.60380538E+003,
 0.34000000E+003, 0.29375000E+001, 0.29375000E+001, 0.30250000E+001, 0.00000000E+000, 0.00000000E+000, 0.81057585E+003, 0.79663408E+003, 0.79673334E+003, 0.12132948E+004, 0.00000000E+000, 0.79662320E+003, 0.00000000E+000, 0.80936777E+003, 0.79658282E+003, 0.12874686E-003, 0.12874686E-003, 0.80548520E+003, 0.60367091E+003,
 0.34200000E+003, 0.29375000E+001, 0.29375000E+001, 0.30250000E+001, 0.00000000E+000, 0.00000000E+000, 0.81055600E+003, 0.79663264E+003, 0.79673172E+003, 0.12133031E+004, 0.00000000E+000, 0.79662178E+003, 0.00000000E+000, 0.80934361E+003, 0.79658145E+003, 0.12856598E-003, 0.12856598E-003, 0.80549105E+003, 0.60353668E+003,
 0.34400000E+003, 0.29375000E+001, 0.29375000E+001, 0.30250000E+001, 0.00000000E+000, 0.00000000E+000, 0.81053613E+003, 0.79663128E+003, 0.79673018E+003, 0.12133114E+004, 0.00000000E+000, 0.79662043E+003, 0.00000000E+000, 0.80931977E+003, 0.79658015E+003, 0.12838826E-003, 0.12838826E-003, 0.80549697E+003, 0.60340269E+003,
 0.34600000E+003, 0.29375000E+001, 0.29375000E+001, 0.30250000E+001, 0.00000000E+000, 0.00000000E+000, 0.81051626E+003, 0.79662999E+003, 0.79672872E+003, 0.12133197E+004, 0.00000000E+000, 0.79661917E+003, 0.00000000E+000, 0.80929626E+003, 0.79657893E+003, 0.12821367E-003, 0.12821367E-003, 0.80550299E+003, 0.60326893E+003,
 0.34800000E+003, 0.29375000E+001, 0.29375000E+001, 0.30250000E+001, 0.00000000E+000, 0.00000000E+000, 0.81049638E+003, 0.79662878E+003, 0.79672735E+003, 0.12133280E+004, 0.00000000E+000, 0.79661798E+003, 0.00000000E+000, 0.80927306E+003, 0.79657778E+003, 0.12804210E-003, 0.12804210E-003, 0.80550908E+003, 0.60313542E+003,
 0.35000000E+003, 0.29375000E+001, 0.29375000E+001, 0.30250000E+001, 0.00000000E+000, 0.00000000E+000, 0.81047650E+003, 0.79662765E+003, 0.79672605E+003, 0.12133362E+004, 0.00000000E+000, 0.79661687E+003, 0.00000000E+000, 0.80925018E+003, 0.79657671E+003, 0.12787351E-003, 0.12787351E-003, 0.80551526E+003, 0.60300213E+003,
 0.35200000E+003, 0.29375000E+001, 0.29375000E+001, 0.30250000E+001, 0.00000000E+000, 0.00000000E+000, 0.81045662E+003, 0.79662660E+003, 0.79672484E+003, 0.12133445E+004, 0.00000000E+000, 0.79661583E+003, 0.00000000E+000, 0.80922760E+003, 0.79657571E+003, 0.12770786E-003, 0.12770786E-003, 0.80552152E+003, 0.60286908E+003,
 0.35400000E+003, 0.29375000E+001, 0.29375000E+001, 0.30250000E+001, 0.00000000E+000, 0.00000000E+000, 0.81043674E+003, 0.79662562E+003, 0.79672370E+003, 0.12133528E+004, 0.00000000E+000, 0.79661487E+003, 0.00000000E+000, 0.80920532E+003, 0.79657479E+003, 0.12754503E-003, 0.12754503E-003, 0.80552786E+003, 0.60273627E+003,
 0.35600000E+003, 0.29375000E+001, 0.29375000E+001, 0.30250000E+001, 0.00000000E+000, 0.00000000E+000, 0.81041688E+003, 0.79662471E+003, 0.79672264E+003, 0.12133610E+004, 0.00000000E+000, 0.79661398E+003, 0.00000000E+000, 0.80918334E+003, 0.79657394E+003, 0.12738502E-003, 0.12738502E-003, 0.80553427E+003, 0.60260369E+003,
 0.35800000E+003, 0.29375000E+001, 0.29375000E+001, 0.30250000E+001, 0.00000000E+000, 0.00000000E+000, 0.81039702E+003, 0.79662388E+003, 0.79672165E+003, 0.12133692E+004, 0.00000000E+000, 0.79661317E+003, 0.00000000E+000, 0.80916164E+003, 0.79657316E+003, 0.12722776E-003, 0.12722776E-003, 0.80554076E+003, 0.60247134E+003,
 0.36000000E+003, 0.29375000E+001, 0.29375000E+001, 0.30250000E+001, 0.00000000E+000, 0.00000000E+000, 0.81037718E+003, 0.79662312E+003, 0.79672074E+003, 0.12133775E+004, 0.00000000E+000, 0.79661242E+003, 0.00000000E+000, 0.80914022E+003, 0.79657245E+003, 0.12707322E-003, 0.12707322E-003, 0.80554732E+003, 0.60233923E+003,
 0.36200000E+003, 0.29375000E+001, 0.29375000E+001, 0.30250000E+001, 0.00000000E+000, 0.00000000E+000, 0.81035736E+003, 0.79662243E+003, 0.79671991E+003, 0.12133857E+004, 0.00000000E+000, 0.79661175E+003, 0.00000000E+000, 0.80911907E+003, 0.79657181E+003, 0.12692131E-003, 0.12692131E-003, 0.80555395E+003, 0.60220735E+003,
 0.36400000E+003, 0.29375000E+001, 0.29375000E+001, 0.30250000E+001, 0.00000000E+000, 0.00000000E+000, 0.81033755E+003, 0.79662181E+003, 0.79671914E+003, 0.12133939E+004, 0.00000000E+000, 0.79661115E+003, 0.00000000E+000, 0.80909819E+003, 0.79657125E+003, 0.12677189E-003, 0.12677189E-003, 0.80556064E+003, 0.60207570E+003,
 0.36600000E+003, 0.29375000E+001, 0.29375000E+001, 0.30250000E+001, 0.00000000E+000, 0.00000000E+000, 0.81031777E+003, 0.79662126E+003, 0.79671845E+003, 0.12134021E+004, 0.00000000E+000, 0.79661062E+003, 0.00000000E+000, 0.80907758E+003, 0.79657075E+003, 0.12662514E-003, 0.12662514E-003, 0.80556741E+003, 0.60194428E+003,
 0.36800000E+003, 0.29375000E+001, 0.29375000E+001, 0.30250000E+001, 0.00000000E+000, 0.00000000E+000, 0.81029801E+003, 0.79662078E+003, 0.79671783E+003, 0.12134103E+004, 0.00000000E+000, 0.79661015E+003, 0.00000000E+000, 0.80905721E+003, 0.79657032E+003, 0.12648074E-003, 0.12648074E-003, 0.80557424E+003, 0.60181309E+003,
 0.37000000E+003, 0.29375000E+001, 0.29375000E+001, 0.30250000E+001, 0.00000000E+000, 0.00000000E+000, 0.81027828E+003, 0.79662037E+003, 0.79671728E+003, 0.12134185E+004, 0.00000000E+000, 0.79660976E+003, 0.00000000E+000, 0.80903709E+003, 0.79656995E+003, 0.12633884E-003, 0.12633884E-003, 0.80558114E+003, 0.60168214E+003,
 0.37200000E+003, 0.29375000E+001, 0.29375000E+001, 0.30250000E+001, 0.00000000E+000, 0.00000000E+000, 0.81025858E+003, 0.79662002E+003, 0.79671679E+003, 0.12134267E+004, 0.00000000E+000, 0.79660942E+003, 0.00000000E+000, 0.80901721E+003, 0.79656965E+003, 0.12619830E-003, 0.12619830E-003, 0.80558811E+003, 0.60155141E+003,
 0.37400000E+003, 0.29375000E+001, 0.29375000E+001, 0.30250000E+001, 0.00000000E+000, 0.00000000E+000, 0.81023891E+003, 0.79661974E+003, 0.79671637E+003, 0.12134349E+004, 0.00000000E+000, 0.79660916E+003, 0.00000000E+000, 0.80899756E+003, 0.79656942E+003, 0.12606131E-003, 0.12606131E-003, 0.80559514E+003, 0.60142091E+003,
 0.37600000E+003, 0.29375000E+001, 0.29375000E+001, 0.30250000E+001, 0.00000000E+000, 0.00000000E+000, 0.81021928E+003, 0.79661952E+003, 0.79671602E+003, 0.12134431E+004, 0.00000000E+000, 0.79660895E+003, 0.00000000E+000, 0.80897814E+003, 0.79656925E+003, 0.12592666E-003, 0.12592666E-003, 0.80560223E+003, 0.60129064E+003,
 0.37800000E+003, 0.29375000E+001, 0.29375000E+001, 0.30250000E+001, 0.00000000E+000, 0.00000000E+000, 0.81019968E+003, 0.79661936E+003, 0.79671573E+003, 0.12134512E+004, 0.00000000E+000, 0.79660881E+003, 0.00000000E+000, 0.80895894E+003, 0.79656914E+003, 0.12579427E-003, 0.12579427E-003, 0.80560938E+003, 0.60116060E+003,
 0.38000000E+003, 0.29375000E+001, 0.29375000E+001, 0.30250000E+001, 0.00000000E+000, 0.00000000E+000, 0.81018012E+003, 0.79661927E+003, 0.79671550E+003, 0.12134594E+004, 0.00000000E+000, 0.79660873E+003, 0.00000000E+000, 0.80893996E+003, 0.79656909E+003, 0.12566418E-003, 0.12566418E-003, 0.80561660E+003, 0.60103080E+003,
 0.38200000E+003, 0.29375000E+001, 0.29375000E+001, 0.30750000E+001, 0.00000000E+000, 0.00000000E+000, 0.81016572E+003, 0.79661923E+003, 0.79671533E+003, 0.12131628E+004, 0.00000000E+000, 0.79660871E+003, 0.00000000E+000, 0.80892118E+003, 0.79656910E+003, 0.12553627E-003, 0.12553627E-003, 0.80562386E+003, 0.60090121E+003,
 0.38400000E+003, 0.29375000E+001, 0.29375000E+001, 0.30750000E+001, 0.00000000E+000, 0.00000000E+000, 0.81017320E+003, 0.79661925E+003, 0.79671523E+003, 0.12131710E+004, 0.00000000E+000, 0.79660875E+003, 0.00000000E+000, 0.80890261E+003, 0.79656917E+003, 0.12541051E-003, 0.12541051E-003, 0.80563119E+003, 0.60077185E+003,
 0.38600000E+003, 0.29375000E+001, 0.29375000E+001, 0.30750000E+001, 0.00000000E+000, 0.00000000E+000, 0.81018038E+003, 0.79661934E+003, 0.79671518E+003, 0.12131792E+004, 0.00000000E+000, 0.79660885E+003, 0.00000000E+000, 0.80888424E+003, 0.79656930E+003, 0.12528679E-003, 0.12528679E-003, 0.80563858E+003, 0.60064272E+003,
 0.38800000E+003, 0.29375000E+001, 0.29375000E+001, 0.30750000E+001, 0.00000000E+000, 0.00000000E+000, 0.81018726E+003, 0.79661947E+003, 0.79671519E+003, 0.12131873E+004, 0.00000000E+000, 0.79660900E+003, 0.00000000E+000, 0.80886605E+003, 0.79656949E+003, 0.12516509E-003, 0.12516509E-003, 0.80564602E+003, 0.60051382E+003,
 0.39000000E+003, 0.29375000E+001, 0.29375000E+001, 0.30750000E+001, 0.00000000E+000, 0.00000000E+000, 0.81019385E+003, 0.79661967E+003, 0.79671525E+003, 0.12131955E+004, 0.00000000E+000, 0.79660921E+003, 0.00000000E+000, 0.80884805E+003, 0.79656973E+003, 0.12504447E-003, 0.12504447E-003, 0.80565352E+003, 0.60038515E+003,
 0.39200000E+003, 0.29375000E+001, 0.29375000E+001, 0.30750000E+001, 0.00000000E+000, 0.00000000E+000, 0.81020014E+003, 0.79661991E+003, 0.79671537E+003, 0.12132036E+004, 0.00000000E+000, 0.79660947E+003, 0.00000000E+000, 0.80883023E+003, 0.79657002E+003, 0.12492706E-003, 0.12492706E-003, 0.80566107E+003, 0.60025670E+003,
 0.39400000E+003, 0.29375000E+001, 0.29375000E+001, 0.30750000E+001, 0.00000000E+000, 0.00000000E+000, 0.81020615E+003, 0.79662022E+003, 0.79671554E+003, 0.12132118E+004, 0.00000000E+000, 0.79660978E+003, 0.00000000E+000, 0.80881258E+003, 0.79657037E+003, 0.12481161E-003, 0.12481161E-003, 0.80566869E+003, 0.60012849E+003,
 0.39600000E+003, 0.29375000E+001, 0.29375000E+001, 0.30750000E+001, 0.00000000E+000, 0.00000000E+000, 0.81021188E+003, 0.79662057E+003, 0.79671577E+003, 0.12132199E+004, 0.00000000E+000, 0.79661015E+003, 0.00000000E+000, 0.80879511E+003, 0.79657077E+003, 0.12469810E-003, 0.12469810E-003, 0.80567635E+003, 0.60000050E+003,
 0.39800000E+003, 0.29375000E+001, 0.29375000E+001, 0.30750000E+001, 0.00000000E+000, 0.00000000E+000, 0.81021733E+003, 0.79662097E+003, 0.79671605E+003, 0.12132280E+004, 0.00000000E+000, 0.79661057E+003, 0.00000000E+000, 0.80877780E+003, 0.79657122E+003, 0.12458649E-003, 0.12458649E-003, 0.80568407E+003, 0.59987274E+003,
 0.40000000E+003, 0.29375000E+001, 0.29375000E+001, 0.30750000E+001, 0.00000000E+000, 0.00000000E+000, 0.81022249E+003, 0.79662142E+003, 0.79671637E+003, 0.12132361E+004, 0.00000000E+000, 0.79661104E+003, 0.00000000E+000, 0.80876065E+003, 0.79657173E+003, 0.12447660E-003, 0.12447660E-003, 0.80569184E+003, 0.59974520E+003,
 0.40200000E+003, 0.29375000E+001, 0.29375000E+001, 0.30750000E+001, 0.00000000E+000, 0.00000000E+000, 0.81022739E+003, 0.79662193E+003, 0.79671675E+003, 0.12132442E+004, 0.00000000E+000, 0.79661155E+003, 0.00000000E+000, 0.80874366E+003, 0.79657228E+003, 0.12436740E-003, 0.12436740E-003, 0.80569966E+003, 0.59961789E+003,
 0.40400000E+003, 0.29375000E+001, 0.29375000E+001, 0.30750000E+001, 0.00000000E+000, 0.00000000E+000, 0.81023201E+003, 0.79662247E+003, 0.79671717E+003, 0.12132523E+004, 0.00000000E+000, 0.79661212E+003, 0.00000000E+000, 0.80872682E+003, 0.79657287E+003, 0.12426134E-003, 0.12426134E-003, 0.80570754E+003, 0.59949081E+003,
 0.40600000E+003, 0.29375000E+001, 0.29375000E+001, 0.30750000E+001, 0.00000000E+000, 0.00000000E+000, 0.81023637E+003, 0.79662307E+003, 0.79671764E+003, 0.12132604E+004, 0.00000000E+000, 0.79661272E+003, 0.00000000E+000, 0.80871013E+003, 0.79657352E+003, 0.12415700E-003, 0.12415700E-003, 0.80571548E+003, 0.59936396E+003,
 0.40800000E+003, 0.29375000E+001, 0.29375000E+001, 0.30750000E+001, 0.00000000E+000, 0.00000000E+000, 0.81024046E+003, 0.79662371E+003, 0.79671816E+003, 0.12132685E+004, 0.00000000E+000, 0.79661338E+003, 0.00000000E+000, 0.80869359E+003, 0.79657421E+003, 0.12405443E-003, 0.12405443E-003, 0.80572346E+003, 0.59923734E+003,
 0.41000000E+003, 0.29375000E+001, 0.29375000E+001, 0.30750000E+001, 0.00000000E+000, 0.00000000E+000, 0.81024429E+003, 0.79662439E+003, 0.79671872E+003, 0.12132765E+004, 0.00000000E+000, 0.79661408E+003, 0.00000000E+000, 0.80867720E+003, 0.79657494E+003, 0.12395344E-003, 0.12395344E-003, 0.80573149E+003, 0.59911094E+003,
 0.41200000E+003, 0.29375000E+001, 0.29375000E+001, 0.30750000E+001, 0.00000000E+000, 0.00000000E+000, 0.81024786E+003, 0.79662512E+003, 0.79671932E+003, 0.12132845E+004, 0.00000000E+000, 0.79661482E+003, 0.00000000E+000, 0.80866094E+003, 0.79657572E+003, 0.12385386E-003, 0.12385386E-003, 0.80573958E+003, 0.59898477E+003,
 0.41400000E+003, 0.29375000E+001, 0.29375000E+001, 0.30750000E+001, 0.00000000E+000, 0.00000000E+000, 0.81025118E+003, 0.79662589E+003, 0.79671997E+003, 0.12132926E+004, 0.00000000E+000, 0.79661560E+003, 0.00000000E+000, 0.80864483E+003, 0.79657654E+003, 0.12375506E-003, 0.12375506E-003, 0.80574772E+003, 0.59885882E+003,
 0.41600000E+003, 0.29375000E+001, 0.29375000E+001, 0.30750000E+001, 0.00000000E+000, 0.00000000E+000, 0.81025425E+003, 0.79662670E+003, 0.79672066E+003, 0.12133006E+004, 0.00000000E+000, 0.79661643E+003, 0.00000000E+000, 0.80862884E+003, 0.79657740E+003, 0.12365896E-003, 0.12365896E-003, 0.80575592E+003, 0.59873311E+003,
 0.41800000E+003, 0.29375000E+001, 0.29375000E+001, 0.30750000E+001, 0.00000000E+000, 0.00000000E+000, 0.81025706E+003, 0.79662755E+003, 0.79672139E+003, 0.12133085E+004, 0.00000000E+000, 0.79661730E+003, 0.00000000E+000, 0.80861299E+003, 0.79657830E+003, 0.12356445E-003, 0.12356445E-003, 0.80576416E+003, 0.59860762E+003,
 0.42000000E+003, 0.29375000E+001, 0.29375000E+001, 0.30750000E+001, 0.00000000E+000, 0.00000000E+000, 0.81025964E+003, 0.79662845E+003, 0.79672216E+003, 0.12133165E+004, 0.00000000E+000, 0.79661820E+003, 0.00000000E+000, 0.80859728E+003, 0.79657924E+003, 0.12347128E-003, 0.12347128E-003, 0.80577246E+003, 0.59848236E+003,
 0.42200000E+003, 0.29375000E+001, 0.29375000E+001, 0.30750000E+001, 0.00000000E+000, 0.00000000E+000, 0.81026197E+003, 0.79662938E+003, 0.79672296E+003, 0.12133245E+004, 0.00000000E+000, 0.79661914E+003, 0.00000000E+000, 0.80858170E+003, 0.79658022E+003, 0.12337826E-003, 0.12337826E-003, 0.80578081E+003, 0.59835732E+003,
 0.42400000E+003, 0.29375000E+001, 0.29375000E+001, 0.30750000E+001, 0.00000000E+000, 0.00000000E+000, 0.81026406E+003, 0.79663035E+003, 0.79672381E+003, 0.12133324E+004, 0.00000000E+000, 0.79662013E+003, 0.00000000E+000, 0.80856625E+003, 0.79658124E+003, 0.12328811E-003, 0.12328811E-003, 0.80578921E+003, 0.59823251E+003,
 0.42600000E+003, 0.29375000E+001, 0.29375000E+001, 0.30750000E+001, 0.00000000E+000, 0.00000000E+000, 0.81026591E+003, 0.79663135E+003, 0.79672470E+003, 0.12133403E+004, 0.00000000E+000, 0.79662115E+003, 0.00000000E+000, 0.80855093E+003, 0.79658230E+003, 0.12319928E-003, 0.12319928E-003, 0.80579767E+003, 0.59810794E+003,
 0.42800000E+003, 0.29375000E+001, 0.29375000E+001, 0.30750000E+001, 0.00000000E+000, 0.00000000E+000, 0.81026754E+003, 0.79663239E+003, 0.79672562E+003, 0.12133482E+004, 0.00000000E+000, 0.79662220E+003, 0.00000000E+000, 0.80853574E+003, 0.79658339E+003, 0.12311166E-003, 0.12311166E-003, 0.80580618E+003, 0.59798358E+003,
 0.43000000E+003, 0.29375000E+001, 0.29375000E+001, 0.30750000E+001, 0.00000000E+000, 0.00000000E+000, 0.81026893E+003, 0.79663347E+003, 0.79672658E+003, 0.12133560E+004, 0.00000000E+000, 0.79662329E+003, 0.00000000E+000, 0.80852068E+003, 0.79658452E+003, 0.12302485E-003, 0.12302485E-003, 0.80581474E+003, 0.59785945E+003,
 0.43200000E+003, 0.29375000E+001, 0.29375000E+001, 0.30750000E+001, 0.00000000E+000, 0.00000000E+000, 0.81027010E+003, 0.79663458E+003, 0.79672757E+003, 0.12133639E+004, 0.00000000E+000, 0.79662442E+003, 0.00000000E+000, 0.80850575E+003, 0.79658568E+003, 0.12293806E-003, 0.12293806E-003, 0.80582335E+003, 0.59773555E+003,
 0.43400000E+003, 0.29375000E+001, 0.29375000E+001, 0.30750000E+001, 0.00000000E+000, 0.00000000E+000, 0.81027104E+003, 0.79663573E+003, 0.79672860E+003, 0.12133717E+004, 0.00000000E+000, 0.79662558E+003, 0.00000000E+000, 0.80849095E+003, 0.79658688E+003, 0.12285309E-003, 0.12285309E-003, 0.80583202E+003, 0.59761188E+003,
 0.43600000E+003, 0.29375000E+001, 0.29375000E+001, 0.30750000E+001, 0.00000000E+000, 0.00000000E+000, 0.81027176E+003, 0.79663692E+003, 0.79672966E+003, 0.12133795E+004, 0.00000000E+000, 0.79662678E+003, 0.00000000E+000, 0.80847629E+003, 0.79658811E+003, 0.12276847E-003, 0.12276847E-003, 0.80584074E+003, 0.59748843E+003,
 0.43800000E+003, 0.29375000E+001, 0.29375000E+001, 0.30750000E+001, 0.00000000E+000, 0.00000000E+000, 0.81027226E+003, 0.79663813E+003, 0.79673076E+003, 0.12133872E+004, 0.00000000E+000, 0.79662801E+003, 0.00000000E+000, 0.80846177E+003, 0.79658938E+003, 0.12268361E-003, 0.12268361E-003, 0.80584950E+003, 0.59736521E+003,
 0.44000000E+003, 0.29375000E+001, 0.29375000E+001, 0.30750000E+001, 0.00000000E+000, 0.00000000E+000, 0.81027255E+003, 0.79663938E+003, 0.79673190E+003, 0.12133950E+004, 0.00000000E+000, 0.79662927E+003, 0.00000000E+000, 0.80844739E+003, 0.79659068E+003, 0.12259747E-003, 0.12259747E-003, 0.80585832E+003, 0.59724222E+003,
 0.44200000E+003, 0.29375000E+001, 0.29375000E+001, 0.30750000E+001, 0.00000000E+000, 0.00000000E+000, 0.81027262E+003, 0.79664067E+003, 0.79673306E+003, 0.12134027E+004, 0.00000000E+000, 0.79663057E+003, 0.00000000E+000, 0.80843315E+003, 0.79659201E+003, 0.12251182E-003, 0.12251182E-003, 0.80586719E+003, 0.59711946E+003,
 0.44400000E+003, 0.29375000E+001, 0.29375000E+001, 0.30750000E+001, 0.00000000E+000, 0.00000000E+000, 0.81027249E+003, 0.79664199E+003, 0.79673427E+003, 0.12134104E+004, 0.00000000E+000, 0.79663191E+003, 0.00000000E+000, 0.80841907E+003, 0.79659338E+003, 0.12242489E-003, 0.12242489E-003, 0.80587610E+003, 0.59699693E+003,
 0.44600000E+003, 0.29375000E+001, 0.29375000E+001, 0.30750000E+001, 0.00000000E+000, 0.00000000E+000, 0.81027214E+003, 0.79664334E+003, 0.79673551E+003, 0.12134180E+004, 0.00000000E+000, 0.79663327E+003, 0.00000000E+000, 0.80840515E+003, 0.79659479E+003, 0.12233605E-003, 0.12233605E-003, 0.80588506E+003, 0.59687464E+003,
 0.44800000E+003, 0.29375000E+001, 0.29375000E+001, 0.30750000E+001, 0.00000000E+000, 0.00000000E+000, 0.81027159E+003, 0.79664473E+003, 0.79673678E+003, 0.12134256E+004, 0.00000000E+000, 0.79663467E+003, 0.00000000E+000, 0.80839139E+003, 0.79659622E+003, 0.12224442E-003, 0.12224442E-003, 0.80589407E+003, 0.59675258E+003,
 0.45000000E+003, 0.29375000E+001, 0.29375000E+001, 0.30750000E+001, 0.00000000E+000, 0.00000000E+000, 0.81027084E+003, 0.79664615E+003, 0.79673809E+003, 0.12134332E+004, 0.00000000E+000, 0.79663611E+003, 0.00000000E+000, 0.80837780E+003, 0.79659769E+003, 0.12214300E-003, 0.12214300E-003, 0.80590312E+003, 0.59663076E+003,
 0.45200000E+003, 0.29375000E+001, 0.29375000E+001, 0.30750000E+001, 0.00000000E+000, 0.00000000E+000, 0.81026988E+003, 0.79664762E+003, 0.79673943E+003, 0.12134409E+004, 0.00000000E+000, 0.79663759E+003, 0.00000000E+000, 0.80836455E+003, 0.79659921E+003, 0.12196386E-003, 0.12196386E-003, 0.80591208E+003, 0.59650919E+003,
 0.45400000E+003, 0.29375000E+001, 0.29375000E+001, 0.30750000E+001, 0.00000000E+000, 0.00000000E+000, 0.81026871E+003, 0.79664915E+003, 0.79674082E+003, 0.12134486E+004, 0.00000000E+000, 0.79663914E+003, 0.00000000E+000, 0.80835186E+003, 0.79660080E+003, 0.12166462E-003, 0.12166462E-003, 0.80592080E+003, 0.59638796E+003,
 0.45600000E+003, 0.29375000E+001, 0.29375000E+001, 0.30750000E+001, 0.00000000E+000, 0.00000000E+000, 0.81026733E+003, 0.79665077E+003, 0.79674226E+003, 0.12134562E+004, 0.00000000E+000, 0.79664078E+003, 0.00000000E+000, 0.80833977E+003, 0.79660248E+003, 0.12129895E-003, 0.12129895E-003, 0.80592937E+003, 0.59626717E+003,
 0.45800000E+003, 0.29375000E+001, 0.29375000E+001, 0.30750000E+001, 0.00000000E+000, 0.00000000E+000, 0.81026573E+003, 0.79665248E+003, 0.79674379E+003, 0.12134638E+004, 0.00000000E+000, 0.79664252E+003, 0.00000000E+000, 0.80832829E+003, 0.79660427E+003, 0.12088240E-003, 0.12088240E-003, 0.80593785E+003, 0.59614690E+003,
 0.46000000E+003, 0.29375000E+001, 0.29375000E+001, 0.30750000E+001, 0.00000000E+000, 0.00000000E+000, 0.81026392E+003, 0.79665431E+003, 0.79674541E+003, 0.12134712E+004, 0.00000000E+000, 0.79664437E+003, 0.00000000E+000, 0.80831745E+003, 0.79660616E+003, 0.12043099E-003, 0.12043099E-003, 0.80594627E+003, 0.59602721E+003,
 0.46200000E+003, 0.29375000E+001, 0.29375000E+001, 0.30750000E+001, 0.00000000E+000, 0.00000000E+000, 0.81026189E+003, 0.79665625E+003, 0.79674715E+003, 0.12134785E+004, 0.00000000E+000, 0.79664633E+003, 0.00000000E+000, 0.80830721E+003, 0.79660817E+003, 0.11997013E-003, 0.11997013E-003, 0.80595468E+003, 0.59590818E+003,
 0.46400000E+003, 0.29375000E+001, 0.29375000E+001, 0.30750000E+001, 0.00000000E+000, 0.00000000E+000, 0.81025965E+003, 0.79665831E+003, 0.79674901E+003, 0.12134858E+004, 0.00000000E+000, 0.79664841E+003, 0.00000000E+000, 0.80829763E+003, 0.79661029E+003, 0.11950164E-003, 0.11950164E-003, 0.80596309E+003, 0.59578981E+003,
 0.46600000E+003, 0.29375000E+001, 0.29375000E+001, 0.30750000E+001, 0.00000000E+000, 0.00000000E+000, 0.81025719E+003, 0.79666050E+003, 0.79675101E+003, 0.12134930E+004, 0.00000000E+000, 0.79665062E+003, 0.00000000E+000, 0.80828872E+003, 0.79661254E+003, 0.11903404E-003, 0.11903404E-003, 0.80597151E+003, 0.59567211E+003,
 0.46800000E+003, 0.29375000E+001, 0.29375000E+001, 0.30750000E+001, 0.00000000E+000, 0.00000000E+000, 0.81025452E+003, 0.79666281E+003, 0.79675314E+003, 0.12135002E+004, 0.00000000E+000, 0.79665296E+003, 0.00000000E+000, 0.80828049E+003, 0.79661490E+003, 0.11857416E-003, 0.11857416E-003, 0.80597996E+003, 0.59555507E+003,
 0.47000000E+003, 0.29375000E+001, 0.29375000E+001, 0.30750000E+001, 0.00000000E+000, 0.00000000E+000, 0.81025163E+003, 0.79666525E+003, 0.79675541E+003, 0.12135074E+004, 0.00000000E+000, 0.79665542E+003, 0.00000000E+000, 0.80827297E+003, 0.79661739E+003, 0.11811722E-003, 0.11811722E-003, 0.80598844E+003, 0.59543870E+003,
 0.47200000E+003, 0.29375000E+001, 0.29375000E+001, 0.30750000E+001, 0.00000000E+000, 0.00000000E+000, 0.81024853E+003, 0.79666782E+003, 0.79675782E+003, 0.12135145E+004, 0.00000000E+000, 0.79665801E+003, 0.00000000E+000, 0.80826617E+003, 0.79662000E+003, 0.11765643E-003, 0.11765643E-003, 0.80599695E+003, 0.59532299E+003,
 0.47400000E+003, 0.29375000E+001, 0.29375000E+001, 0.30750000E+001, 0.00000000E+000, 0.00000000E+000, 0.81024521E+003, 0.79667053E+003, 0.79676036E+003, 0.12135216E+004, 0.00000000E+000, 0.79666073E+003, 0.00000000E+000, 0.80826016E+003, 0.79662274E+003, 0.11718505E-003, 0.11718505E-003, 0.80600548E+003, 0.59520794E+003,
 0.47600000E+003, 0.29375000E+001, 0.29375000E+001, 0.30750000E+001, 0.00000000E+000, 0.00000000E+000, 0.81024167E+003, 0.79667336E+003, 0.79676305E+003, 0.12135287E+004, 0.00000000E+000, 0.79666359E+003, 0.00000000E+000, 0.80825492E+003, 0.79662561E+003, 0.11670427E-003, 0.11670427E-003, 0.80601405E+003, 0.59509357E+003,
 0.47800000E+003, 0.29375000E+001, 0.29375000E+001, 0.30750000E+001, 0.00000000E+000, 0.00000000E+000, 0.81023792E+003, 0.79667634E+003, 0.79676588E+003, 0.12135358E+004, 0.00000000E+000, 0.79666658E+003, 0.00000000E+000, 0.80825051E+003, 0.79662862E+003, 0.11621065E-003, 0.11621065E-003, 0.80602263E+003, 0.59497990E+003,
 0.48000000E+003, 0.29375000E+001, 0.29375000E+001, 0.30750000E+001, 0.00000000E+000, 0.00000000E+000, 0.81023395E+003, 0.79667945E+003, 0.79676884E+003, 0.12135429E+004, 0.00000000E+000, 0.79666971E+003, 0.00000000E+000, 0.80824691E+003, 0.79663176E+003, 0.11570125E-003, 0.11570125E-003, 0.80603127E+003, 0.59486694E+003,
 0.48200000E+003, 0.29375000E+001, 0.29375000E+001, 0.30750000E+001, 0.00000000E+000, 0.00000000E+000, 0.81022976E+003, 0.79668271E+003, 0.79677195E+003, 0.12135501E+004, 0.00000000E+000, 0.79667298E+003, 0.00000000E+000, 0.80824417E+003, 0.79663505E+003, 0.11517436E-003, 0.11517436E-003, 0.80603993E+003, 0.59475470E+003,
 0.48400000E+003, 0.29375000E+001, 0.29375000E+001, 0.30750000E+001, 0.00000000E+000, 0.00000000E+000, 0.81022535E+003, 0.79668610E+003, 0.79677520E+003, 0.12135573E+004, 0.00000000E+000, 0.79667640E+003, 0.00000000E+000, 0.80824229E+003, 0.79663847E+003, 0.11463013E-003, 0.11463013E-003, 0.80604865E+003, 0.59464322E+003,
 0.48600000E+003, 0.29375000E+001, 0.29375000E+001, 0.30750000E+001, 0.00000000E+000, 0.00000000E+000, 0.81022073E+003, 0.79668965E+003, 0.79677859E+003, 0.12135646E+004, 0.00000000E+000, 0.79667997E+003, 0.00000000E+000, 0.80824130E+003, 0.79664205E+003, 0.11406374E-003, 0.11406374E-003, 0.80605738E+003, 0.59453249E+003,
 0.48800000E+003, 0.29375000E+001, 0.29375000E+001, 0.30750000E+001, 0.00000000E+000, 0.00000000E+000, 0.81021588E+003, 0.79669335E+003, 0.79678213E+003, 0.12135720E+004, 0.00000000E+000, 0.79668368E+003, 0.00000000E+000, 0.80824122E+003, 0.79664578E+003, 0.11347733E-003, 0.11347733E-003, 0.80606615E+003, 0.59442255E+003,
 0.49000000E+003, 0.29375000E+001, 0.29375000E+001, 0.30750000E+001, 0.00000000E+000, 0.00000000E+000, 0.81021082E+003, 0.79669720E+003, 0.79678582E+003, 0.12135795E+004, 0.00000000E+000, 0.79668755E+003, 0.00000000E+000, 0.80824206E+003, 0.79664966E+003, 0.11286764E-003, 0.11286764E-003, 0.80607496E+003, 0.59431340E+003,
 0.49200000E+003, 0.29375000E+001, 0.29375000E+001, 0.30750000E+001, 0.00000000E+000, 0.00000000E+000, 0.81020554E+003, 0.79670120E+003, 0.79678966E+003, 0.12135870E+004, 0.00000000E+000, 0.79669157E+003, 0.00000000E+000, 0.80824384E+003, 0.79665369E+003, 0.11223727E-003, 0.11223727E-003, 0.80608378E+003, 0.59420507E+003,
 0.49400000E+003, 0.29375000E+001, 0.29375000E+001, 0.30750000E+001, 0.00000000E+000, 0.00000000E+000, 0.81020004E+003, 0.79670536E+003, 0.79679365E+003, 0.12135947E+004, 0.00000000E+000, 0.79669576E+003, 0.00000000E+000, 0.80824656E+003, 0.79665789E+003, 0.11158553E-003, 0.11158553E-003, 0.80609265E+003, 0.59409757E+003,
 0.49600000E+003, 0.29375000E+001, 0.29375000E+001, 0.30750000E+001, 0.00000000E+000, 0.00000000E+000, 0.81019432E+003, 0.79670968E+003, 0.79679780E+003, 0.12136024E+004, 0.00000000E+000, 0.79670010E+003, 0.00000000E+000, 0.80825025E+003, 0.79666225E+003, 0.11091454E-003, 0.11091454E-003, 0.80610153E+003, 0.59399089E+003,
 0.49800000E+003, 0.29375000E+001, 0.29375000E+001, 0.30750000E+001, 0.00000000E+000, 0.00000000E+000, 0.81018838E+003, 0.79671417E+003, 0.79680211E+003, 0.12136103E+004, 0.00000000E+000, 0.79670460E+003, 0.00000000E+000, 0.80825490E+003, 0.79666677E+003, 0.11022867E-003, 0.11022867E-003, 0.80611045E+003, 0.59388507E+003,
 0.50000000E+003, 0.29375000E+001, 0.29375000E+001, 0.30750000E+001, 0.00000000E+000, 0.00000000E+000, 0.81018239E+003, 0.79671981E+003, 0.79680658E+003, 0.12136166E+004, 0.00000000E+000, 0.79671089E+003, 0.00000000E+000, 0.80831692E+003, 0.79667413E+003, 0.67657050E-004, 0.67657050E-004, 0.80605878E+003, 0.59378090E+003,
 0.50200000E+003, 0.29375000E+001, 0.29375000E+001, 0.30750000E+001, 0.00000000E+000, 0.00000000E+000, 0.81017584E+003, 0.79673226E+003, 0.79681269E+003, 0.12136232E+004, 0.00000000E+000, 0.79672382E+003, 0.00000000E+000, 0.80838828E+003, 0.79668711E+003, 0.76322208E-004, 0.76322208E-004, 0.80601512E+003, 0.59369595E+003,
 0.50400000E+003, 0.29375000E+001, 0.29375000E+001, 0.30750000E+001, 0.00000000E+000, 0.00000000E+000, 0.81016896E+003, 0.79674425E+003, 0.79682244E+003, 0.12136329E+004, 0.00000000E+000, 0.79673593E+003, 0.00000000E+000, 0.80843904E+003, 0.79669952E+003, 0.73904506E-004, 0.73904506E-004, 0.80600034E+003, 0.59362112E+003,
 0.50600000E+003, 0.29375000E+001, 0.29375000E+001, 0.30750000E+001, 0.00000000E+000, 0.00000000E+000, 0.81016171E+003, 0.79675677E+003, 0.79683459E+003, 0.12136337E+004, 0.00000000E+000, 0.79674840E+003, 0.00000000E+000, 0.80848551E+003, 0.79671187E+003, 0.74877141E-004, 0.74877141E-004, 0.80599507E+003, 0.59354813E+003,
 0.50800000E+003, 0.29375000E+001, 0.29375000E+001, 0.30750000E+001, 0.00000000E+000, 0.00000000E+000, 0.81015412E+003, 0.79676980E+003, 0.79684831E+003, 0.12136430E+004, 0.00000000E+000, 0.79676133E+003, 0.00000000E+000, 0.80853652E+003, 0.79672442E+003, 0.73417887E-004, 0.73417887E-004, 0.80598870E+003, 0.59347437E+003,
 0.51000000E+003, 0.29375000E+001, 0.29375000E+001, 0.30750000E+001, 0.00000000E+000, 0.00000000E+000, 0.81014621E+003, 0.79678390E+003, 0.79686320E+003, 0.12136493E+004, 0.00000000E+000, 0.79677536E+003, 0.00000000E+000, 0.80859615E+003, 0.79673784E+003, 0.72265983E-004, 0.72265983E-004, 0.80597682E+003, 0.59340029E+003,
 0.51200000E+003, 0.29375000E+001, 0.29375000E+001, 0.30750000E+001, 0.00000000E+000, 0.00000000E+000, 0.81013789E+003, 0.79679881E+003, 0.79687927E+003, 0.12136541E+004, 0.00000000E+000, 0.79679013E+003, 0.00000000E+000, 0.80865760E+003, 0.79675185E+003, 0.72222231E-004, 0.72222231E-004, 0.80596870E+003, 0.59332553E+003,
 0.51400000E+003, 0.29375000E+001, 0.29375000E+001, 0.30750000E+001, 0.00000000E+000, 0.00000000E+000, 0.81012919E+003, 0.79681463E+003, 0.79689640E+003, 0.12136631E+004, 0.00000000E+000, 0.79680583E+003, 0.00000000E+000, 0.80872661E+003, 0.79676673E+003, 0.70668752E-004, 0.70668752E-004, 0.80595700E+003, 0.59325010E+003,
 0.51600000E+003, 0.29375000E+001, 0.29375000E+001, 0.30750000E+001, 0.00000000E+000, 0.00000000E+000, 0.81012010E+003, 0.79683150E+003, 0.79691452E+003, 0.12136693E+004, 0.00000000E+000, 0.79682257E+003, 0.00000000E+000, 0.80880151E+003, 0.79678260E+003, 0.70000042E-004, 0.70000042E-004, 0.80594405E+003, 0.59317413E+003,
 0.51800000E+003, 0.29375000E+001, 0.29375000E+001, 0.30750000E+001, 0.00000000E+000, 0.00000000E+000, 0.81011058E+003, 0.79684924E+003, 0.79693368E+003, 0.12136769E+004, 0.00000000E+000, 0.79684016E+003, 0.00000000E+000, 0.80888035E+003, 0.79679929E+003, 0.69204828E-004, 0.69204828E-004, 0.80593278E+003, 0.59309739E+003,
 0.52000000E+003, 0.29375000E+001, 0.29375000E+001, 0.30750000E+001, 0.00000000E+000, 0.00000000E+000, 0.81010066E+003, 0.79686799E+003, 0.79695382E+003, 0.12136857E+004, 0.00000000E+000, 0.79685877E+003, 0.00000000E+000, 0.80896609E+003, 0.79681699E+003, 0.67977505E-004, 0.67977505E-004, 0.80591886E+003, 0.59302012E+003,
 0.52200000E+003, 0.29375000E+001, 0.29375000E+001, 0.30750000E+001, 0.00000000E+000, 0.00000000E+000, 0.81009029E+003, 0.79688771E+003, 0.79697494E+003, 0.12136938E+004, 0.00000000E+000, 0.79687835E+003, 0.00000000E+000, 0.80905635E+003, 0.79683564E+003, 0.67257464E-004, 0.67257464E-004, 0.80590566E+003, 0.59294222E+003,
 0.52400000E+003, 0.29375000E+001, 0.29375000E+001, 0.30750000E+001, 0.00000000E+000, 0.00000000E+000, 0.81007949E+003, 0.79690834E+003, 0.79699699E+003, 0.12137038E+004, 0.00000000E+000, 0.79689884E+003, 0.00000000E+000, 0.80915157E+003, 0.79685521E+003, 0.66238419E-004, 0.66238419E-004, 0.80589255E+003, 0.59286369E+003,
 0.52600000E+003, 0.29375000E+001, 0.29375000E+001, 0.30750000E+001, 0.00000000E+000, 0.00000000E+000, 0.81006826E+003, 0.79692992E+003, 0.79701994E+003, 0.12137141E+004, 0.00000000E+000, 0.79692028E+003, 0.00000000E+000, 0.80925199E+003, 0.79687575E+003, 0.65315264E-004, 0.65315264E-004, 0.80587887E+003, 0.59278456E+003,
 0.52800000E+003, 0.29375000E+001, 0.29375000E+001, 0.30750000E+001, 0.00000000E+000, 0.00000000E+000, 0.81005658E+003, 0.79695239E+003, 0.79704380E+003, 0.12137251E+004, 0.00000000E+000, 0.79694261E+003, 0.00000000E+000, 0.80935647E+003, 0.79689718E+003, 0.64506262E-004, 0.64506262E-004, 0.80586630E+003, 0.59270479E+003,
 0.53000000E+003, 0.29375000E+001, 0.29375000E+001, 0.30750000E+001, 0.00000000E+000, 0.00000000E+000, 0.81004445E+003, 0.79697577E+003, 0.79706856E+003, 0.12137372E+004, 0.00000000E+000, 0.79696585E+003, 0.00000000E+000, 0.80946577E+003, 0.79691952E+003, 0.63526958E-004, 0.63526958E-004, 0.80585348E+003, 0.59262444E+003,
 0.53200000E+003, 0.29375000E+001, 0.29375000E+001, 0.30750000E+001, 0.00000000E+000, 0.00000000E+000, 0.81003188E+003, 0.79700003E+003, 0.79709417E+003, 0.12137499E+004, 0.00000000E+000, 0.79698998E+003, 0.00000000E+000, 0.80957947E+003, 0.79694277E+003, 0.62656749E-004, 0.62656749E-004, 0.80584087E+003, 0.59254350E+003,
 0.53400000E+003, 0.29375000E+001, 0.29375000E+001, 0.30750000E+001, 0.00000000E+000, 0.00000000E+000, 0.81001887E+003, 0.79702513E+003, 0.79712058E+003, 0.12137636E+004, 0.00000000E+000, 0.79701495E+003, 0.00000000E+000, 0.80969722E+003, 0.79696689E+003, 0.61756908E-004, 0.61756908E-004, 0.80582886E+003, 0.59246197E+003,
 0.53600000E+003, 0.29375000E+001, 0.29375000E+001, 0.30750000E+001, 0.00000000E+000, 0.00000000E+000, 0.81000542E+003, 0.79705103E+003, 0.79714770E+003, 0.12137784E+004, 0.00000000E+000, 0.79704072E+003, 0.00000000E+000, 0.80981906E+003, 0.79699187E+003, 0.60827475E-004, 0.60827475E-004, 0.80581703E+003, 0.59237990E+003,
 0.53800000E+003, 0.29375000E+001, 0.29375000E+001, 0.30750000E+001, 0.00000000E+000, 0.00000000E+000, 0.80999155E+003, 0.79707764E+003, 0.79717544E+003, 0.12137940E+004, 0.00000000E+000, 0.79706723E+003, 0.00000000E+000, 0.80994441E+003, 0.79701763E+003, 0.59935711E-004, 0.59935711E-004, 0.80580597E+003, 0.59229727E+003,
 0.54000000E+003, 0.29375000E+001, 0.29375000E+001, 0.30750000E+001, 0.00000000E+000, 0.00000000E+000, 0.80997725E+003, 0.79710492E+003, 0.79720372E+003, 0.12138106E+004, 0.00000000E+000, 0.79709442E+003, 0.00000000E+000, 0.81007320E+003, 0.79704415E+003, 0.58955622E-004, 0.58955622E-004, 0.80579533E+003, 0.59221413E+003,
 0.54200000E+003, 0.29375000E+001, 0.29375000E+001, 0.30750000E+001, 0.00000000E+000, 0.00000000E+000, 0.80996257E+003, 0.79713276E+003, 0.79723237E+003, 0.12138280E+004, 0.00000000E+000, 0.79712218E+003, 0.00000000E+000, 0.81020506E+003, 0.79707135E+003, 0.57964932E-004, 0.57964932E-004, 0.80578515E+003, 0.59213047E+003,
 0.54400000E+003, 0.29375000E+001, 0.29375000E+001, 0.30750000E+001, 0.00000000E+000, 0.00000000E+000, 0.80994750E+003, 0.79716102E+003, 0.79726122E+003, 0.12138464E+004, 0.00000000E+000, 0.79715040E+003, 0.00000000E+000, 0.81033923E+003, 0.79709913E+003, 0.56972806E-004, 0.56972806E-004, 0.80577599E+003, 0.59204631E+003,
 0.54600000E+003, 0.29375000E+001, 0.29375000E+001, 0.30750000E+001, 0.00000000E+000, 0.00000000E+000, 0.80993207E+003, 0.79718958E+003, 0.79729013E+003, 0.12138657E+004, 0.00000000E+000, 0.79717893E+003, 0.00000000E+000, 0.81047511E+003, 0.79712737E+003, 0.55964751E-004, 0.55964751E-004, 0.80576805E+003, 0.59196166E+003,
 0.54800000E+003, 0.29375000E+001, 0.29375000E+001, 0.30750000E+001, 0.00000000E+000, 0.00000000E+000, 0.80991631E+003, 0.79721832E+003, 0.79731899E+003, 0.12138860E+004, 0.00000000E+000, 0.79720768E+003, 0.00000000E+000, 0.81061193E+003, 0.79715596E+003, 0.54983957E-004, 0.54983957E-004, 0.80576183E+003, 0.59187656E+003,
 0.55000000E+003, 0.29375000E+001, 0.29375000E+001, 0.30750000E+001, 0.00000000E+000, 0.00000000E+000, 0.80990021E+003, 0.79724712E+003, 0.79734767E+003, 0.12139076E+004, 0.00000000E+000, 0.79723651E+003, 0.00000000E+000, 0.81074896E+003, 0.79718477E+003, 0.54033504E-004, 0.54033504E-004, 0.80575773E+003, 0.59179100E+003,
 0.55200000E+003, 0.29375000E+001, 0.29375000E+001, 0.30750000E+001, 0.00000000E+000, 0.00000000E+000, 0.80988381E+003, 0.79727583E+003, 0.79737602E+003, 0.12139308E+004, 0.00000000E+000, 0.79726527E+003, 0.00000000E+000, 0.81088533E+003, 0.79721366E+003, 0.53155636E-004, 0.53155636E-004, 0.80575632E+003, 0.59170503E+003,
 0.55400000E+003, 0.29375000E+001, 0.29375000E+001, 0.30750000E+001, 0.00000000E+000, 0.00000000E+000, 0.80986710E+003, 0.79730427E+003, 0.79740385E+003, 0.12139560E+004, 0.00000000E+000, 0.79729378E+003, 0.00000000E+000, 0.81101959E+003, 0.79724247E+003, 0.52447672E-004, 0.52447672E-004, 0.80575916E+003, 0.59161868E+003,
 0.55600000E+003, 0.29375000E+001, 0.29375000E+001, 0.30750000E+001, 0.00000000E+000, 0.00000000E+000, 0.80985006E+003, 0.79733223E+003, 0.79743095E+003, 0.12139829E+004, 0.00000000E+000, 0.79732184E+003, 0.00000000E+000, 0.81115038E+003, 0.79727099E+003, 0.51878962E-004, 0.51878962E-004, 0.80576745E+003, 0.59153200E+003,
 0.55800000E+003, 0.29375000E+001, 0.29375000E+001, 0.30750000E+001, 0.00000000E+000, 0.00000000E+000, 0.80983271E+003, 0.79735949E+003, 0.79745706E+003, 0.12140114E+004, 0.00000000E+000, 0.79734924E+003, 0.00000000E+000, 0.81127642E+003, 0.79729905E+003, 0.51463125E-004, 0.51463125E-004, 0.80578211E+003, 0.59144504E+003,
 0.56000000E+003, 0.29375000E+001, 0.29375000E+001, 0.30750000E+001, 0.00000000E+000, 0.00000000E+000, 0.80981504E+003, 0.79738586E+003, 0.79748200E+003, 0.12140412E+004, 0.00000000E+000, 0.79737577E+003, 0.00000000E+000, 0.81139620E+003, 0.79732642E+003, 0.51192954E-004, 0.51192954E-004, 0.80580427E+003, 0.59135786E+003,
 0.56200000E+003, 0.29375000E+001, 0.29375000E+001, 0.30750000E+001, 0.00000000E+000, 0.00000000E+000, 0.80979705E+003, 0.79741119E+003, 0.79750566E+003, 0.12140722E+004, 0.00000000E+000, 0.79740127E+003, 0.00000000E+000, 0.81150859E+003, 0.79735292E+003, 0.51093456E-004, 0.51093456E-004, 0.80583459E+003, 0.59127050E+003,
 0.56400000E+003, 0.29375000E+001, 0.29375000E+001, 0.30750000E+001, 0.00000000E+000, 0.00000000E+000, 0.80977874E+003, 0.79743531E+003, 0.79752794E+003, 0.12141041E+004, 0.00000000E+000, 0.79742560E+003, 0.00000000E+000, 0.81161256E+003, 0.79737838E+003, 0.51121241E-004, 0.51121241E-004, 0.80587350E+003, 0.59118301E+003,
 0.56600000E+003, 0.29375000E+001, 0.29375000E+001, 0.30750000E+001, 0.00000000E+000, 0.00000000E+000, 0.80976012E+003, 0.79745813E+003, 0.79754874E+003, 0.12141369E+004, 0.00000000E+000, 0.79744862E+003, 0.00000000E+000, 0.81170719E+003, 0.79740265E+003, 0.51319727E-004, 0.51319727E-004, 0.80592131E+003, 0.59109544E+003,
 0.56800000E+003, 0.29375000E+001, 0.29375000E+001, 0.30750000E+001, 0.00000000E+000, 0.00000000E+000, 0.80974120E+003, 0.79747952E+003, 0.79756799E+003, 0.12141709E+004, 0.00000000E+000, 0.79747023E+003, 0.00000000E+000, 0.81179174E+003, 0.79742562E+003, 0.51660697E-004, 0.51660697E-004, 0.80597811E+003, 0.59100782E+003,
 0.57000000E+003, 0.29375000E+001, 0.29375000E+001, 0.30750000E+001, 0.00000000E+000, 0.00000000E+000, 0.80972194E+003, 0.79749940E+003, 0.79758566E+003, 0.12142060E+004, 0.00000000E+000, 0.79749034E+003, 0.00000000E+000, 0.81186505E+003, 0.79744714E+003, 0.52272275E-004, 0.52272275E-004, 0.80604467E+003, 0.59092023E+003,
 0.57200000E+003, 0.29375000E+001, 0.29375000E+001, 0.30750000E+001, 0.00000000E+000, 0.00000000E+000, 0.80970235E+003, 0.79751766E+003, 0.79760169E+003, 0.12142422E+004, 0.00000000E+000, 0.79750882E+003, 0.00000000E+000, 0.81192627E+003, 0.79746709E+003, 0.53111019E-004, 0.53111019E-004, 0.80612138E+003, 0.59083270E+003,
 0.57400000E+003, 0.29375000E+001, 0.29375000E+001, 0.30750000E+001, 0.00000000E+000, 0.00000000E+000, 0.80968241E+003, 0.79753425E+003, 0.79761605E+003, 0.12142791E+004, 0.00000000E+000, 0.79752563E+003, 0.00000000E+000, 0.81197505E+003, 0.79748540E+003, 0.54113738E-004, 0.54113738E-004, 0.80620744E+003, 0.59074533E+003,
 0.57600000E+003, 0.29375000E+001, 0.29375000E+001, 0.30750000E+001, 0.00000000E+000, 0.00000000E+000, 0.80966217E+003, 0.79754913E+003, 0.79762870E+003, 0.12143165E+004, 0.00000000E+000, 0.79754073E+003, 0.00000000E+000, 0.81201140E+003, 0.79750201E+003, 0.55248045E-004, 0.55248045E-004, 0.80630154E+003, 0.59065815E+003,
 0.57800000E+003, 0.29375000E+001, 0.29375000E+001, 0.30750000E+001, 0.00000000E+000, 0.00000000E+000, 0.80964165E+003, 0.79756227E+003, 0.79763964E+003, 0.12143540E+004, 0.00000000E+000, 0.79755408E+003, 0.00000000E+000, 0.81203541E+003, 0.79751689E+003, 0.56496075E-004, 0.56496075E-004, 0.80640227E+003, 0.59057123E+003,
 0.58000000E+003, 0.29375000E+001, 0.29375000E+001, 0.30750000E+001, 0.00000000E+000, 0.00000000E+000, 0.80962089E+003, 0.79757367E+003, 0.79764888E+003, 0.12143913E+004, 0.00000000E+000, 0.79756570E+003, 0.00000000E+000, 0.81204740E+003, 0.79753001E+003, 0.57835418E-004, 0.57835418E-004, 0.80650800E+003, 0.59048459E+003,
 0.58200000E+003, 0.29375000E+001, 0.29375000E+001, 0.30750000E+001, 0.00000000E+000, 0.00000000E+000, 0.80959994E+003, 0.79758337E+003, 0.79765648E+003, 0.12144284E+004, 0.00000000E+000, 0.79757559E+003, 0.00000000E+000, 0.81204794E+003, 0.79754139E+003, 0.59228539E-004, 0.59228539E-004, 0.80661689E+003, 0.59039827E+003,
 0.58400000E+003, 0.29375000E+001, 0.29375000E+001, 0.30750000E+001, 0.00000000E+000, 0.00000000E+000, 0.80957887E+003, 0.79759140E+003, 0.79766250E+003, 0.12144649E+004, 0.00000000E+000, 0.79758383E+003, 0.00000000E+000, 0.81203781E+003, 0.79755106E+003, 0.60659131E-004, 0.60659131E-004, 0.80672695E+003, 0.59031230E+003,
 0.58600000E+003, 0.29375000E+001, 0.29375000E+001, 0.30750000E+001, 0.00000000E+000, 0.00000000E+000, 0.80955774E+003, 0.79759784E+003, 0.79766701E+003, 0.12145009E+004, 0.00000000E+000, 0.79759045E+003, 0.00000000E+000, 0.81201780E+003, 0.79755907E+003, 0.62120657E-004, 0.62120657E-004, 0.80683640E+003, 0.59022671E+003,
 0.58800000E+003, 0.29375000E+001, 0.29375000E+001, 0.31100000E+001, 0.00000000E+000, 0.00000000E+000, 0.80955008E+003, 0.79760276E+003, 0.79767011E+003, 0.12143244E+004, 0.00000000E+000, 0.79759554E+003, 0.00000000E+000, 0.81198880E+003, 0.79756547E+003, 0.63605241E-004, 0.63605241E-004, 0.80694356E+003, 0.59014151E+003,
 0.59000000E+003, 0.29375000E+001, 0.29375000E+001, 0.31100000E+001, 0.00000000E+000, 0.00000000E+000, 0.80957350E+003, 0.79760623E+003, 0.79767189E+003, 0.12143589E+004, 0.00000000E+000, 0.79759917E+003, 0.00000000E+000, 0.81195182E+003, 0.79757034E+003, 0.65080292E-004, 0.65080292E-004, 0.80704673E+003, 0.59005671E+003,
 0.59200000E+003, 0.29375000E+001, 0.29375000E+001, 0.31100000E+001, 0.00000000E+000, 0.00000000E+000, 0.80959598E+003, 0.79760835E+003, 0.79767244E+003, 0.12143925E+004, 0.00000000E+000, 0.79760143E+003, 0.00000000E+000, 0.81190784E+003, 0.79757377E+003, 0.66550647E-004, 0.66550647E-004, 0.80714445E+003, 0.58997234E+003,
 0.59400000E+003, 0.29375000E+001, 0.29375000E+001, 0.31100000E+001, 0.00000000E+000, 0.00000000E+000, 0.80961743E+003, 0.79760919E+003, 0.79767184E+003, 0.12144253E+004, 0.00000000E+000, 0.79760242E+003, 0.00000000E+000, 0.81185784E+003, 0.79757583E+003, 0.68009830E-004, 0.68009830E-004, 0.80723551E+003, 0.58988839E+003,
 0.59600000E+003, 0.29375000E+001, 0.29375000E+001, 0.31100000E+001, 0.00000000E+000, 0.00000000E+000, 0.80963777E+003, 0.79760887E+003, 0.79767020E+003, 0.12144572E+004, 0.00000000E+000, 0.79760221E+003, 0.00000000E+000, 0.81180278E+003, 0.79757662E+003, 0.69433554E-004, 0.69433554E-004, 0.80731880E+003, 0.58980487E+003,
 0.59800000E+003, 0.29375000E+001, 0.29375000E+001, 0.31100000E+001, 0.00000000E+000, 0.00000000E+000, 0.80965693E+003, 0.79760747E+003, 0.79766763E+003, 0.12144881E+004, 0.00000000E+000, 0.79760092E+003, 0.00000000E+000, 0.81174363E+003, 0.79757623E+003, 0.70825974E-004, 0.70825974E-004, 0.80739345E+003, 0.58972179E+003,
 0.60000000E+003, 0.29375000E+001, 0.29375000E+001, 0.31100000E+001, 0.00000000E+000, 0.00000000E+000, 0.80967488E+003, 0.79760509E+003, 0.79766420E+003, 0.12145183E+004, 0.00000000E+000, 0.79759864E+003, 0.00000000E+000, 0.81168120E+003, 0.79757476E+003, 0.72199367E-004, 0.72199367E-004, 0.80745890E+003, 0.58963913E+003,
 0.60200000E+003, 0.29375000E+001, 0.29375000E+001, 0.31100000E+001, 0.00000000E+000, 0.00000000E+000, 0.80969160E+003, 0.79760182E+003, 0.79766000E+003, 0.12145477E+004, 0.00000000E+000, 0.79759545E+003, 0.00000000E+000, 0.81161622E+003, 0.79757230E+003, 0.73550784E-004, 0.73550784E-004, 0.80751477E+003, 0.58955690E+003,
 0.60400000E+003, 0.29375000E+001, 0.29375000E+001, 0.31100000E+001, 0.00000000E+000, 0.00000000E+000, 0.80970708E+003, 0.79759774E+003, 0.79765513E+003, 0.12145766E+004, 0.00000000E+000, 0.79759143E+003, 0.00000000E+000, 0.81154938E+003, 0.79756893E+003, 0.74876729E-004, 0.74876729E-004, 0.80756078E+003, 0.58947511E+003,
 0.60600000E+003, 0.29375000E+001, 0.29375000E+001, 0.31100000E+001, 0.00000000E+000, 0.00000000E+000, 0.80972132E+003, 0.79759292E+003, 0.79764965E+003, 0.12146051E+004, 0.00000000E+000, 0.79758667E+003, 0.00000000E+000, 0.81148119E+003, 0.79756473E+003, 0.76205266E-004, 0.76205266E-004, 0.80759693E+003, 0.58939374E+003,
 0.60800000E+003, 0.29375000E+001, 0.29375000E+001, 0.31100000E+001, 0.00000000E+000, 0.00000000E+000, 0.80973432E+003, 0.79758745E+003, 0.79764364E+003, 0.12146333E+004, 0.00000000E+000, 0.79758124E+003, 0.00000000E+000, 0.81141217E+003, 0.79755979E+003, 0.77521832E-004, 0.77521832E-004, 0.80762323E+003, 0.58931280E+003,
 0.61000000E+003, 0.29375000E+001, 0.29375000E+001, 0.31100000E+001, 0.00000000E+000, 0.00000000E+000, 0.80974610E+003, 0.79758135E+003, 0.79763711E+003, 0.12146612E+004, 0.00000000E+000, 0.79757518E+003, 0.00000000E+000, 0.81134256E+003, 0.79755415E+003, 0.78859822E-004, 0.78859822E-004, 0.80763995E+003, 0.58923231E+003,
 0.61200000E+003, 0.29375000E+001, 0.29375000E+001, 0.31100000E+001, 0.00000000E+000, 0.00000000E+000, 0.80975665E+003, 0.79757469E+003, 0.79763008E+003, 0.12146886E+004, 0.00000000E+000, 0.79756855E+003, 0.00000000E+000, 0.81127278E+003, 0.79754789E+003, 0.80150786E-004, 0.80150786E-004, 0.80764729E+003, 0.58915226E+003,
 0.61400000E+003, 0.29375000E+001, 0.29375000E+001, 0.31100000E+001, 0.00000000E+000, 0.00000000E+000, 0.80976597E+003, 0.79756747E+003, 0.79762256E+003, 0.12147153E+004, 0.00000000E+000, 0.79756135E+003, 0.00000000E+000, 0.81120289E+003, 0.79754103E+003, 0.81459028E-004, 0.81459028E-004, 0.80764579E+003, 0.58907266E+003,
 0.61600000E+003, 0.29375000E+001, 0.29375000E+001, 0.31100000E+001, 0.00000000E+000, 0.00000000E+000, 0.80977408E+003, 0.79755972E+003, 0.79761453E+003, 0.12147413E+004, 0.00000000E+000, 0.79755362E+003, 0.00000000E+000, 0.81113301E+003, 0.79753362E+003, 0.82723934E-004, 0.82723934E-004, 0.80763590E+003, 0.58899351E+003,
 0.61800000E+003, 0.29375000E+001, 0.29375000E+001, 0.31100000E+001, 0.00000000E+000, 0.00000000E+000, 0.80978098E+003, 0.79755145E+003, 0.79760600E+003, 0.12147661E+004, 0.00000000E+000, 0.79754537E+003, 0.00000000E+000, 0.81106305E+003, 0.79752566E+003, 0.84014376E-004, 0.84014376E-004, 0.80761826E+003, 0.58891481E+003,
 0.62000000E+003, 0.29375000E+001, 0.29375000E+001, 0.31100000E+001, 0.00000000E+000, 0.00000000E+000, 0.80978667E+003, 0.79754268E+003, 0.79759700E+003, 0.12147893E+004, 0.00000000E+000, 0.79753662E+003, 0.00000000E+000, 0.81099303E+003, 0.79751719E+003, 0.85267498E-004, 0.85267498E-004, 0.80759336E+003, 0.58883655E+003,
 0.62200000E+003, 0.29375000E+001, 0.29375000E+001, 0.31100000E+001, 0.00000000E+000, 0.00000000E+000, 0.80979114E+003, 0.79753344E+003, 0.79758755E+003, 0.12148104E+004, 0.00000000E+000, 0.79752739E+003, 0.00000000E+000, 0.81092297E+003, 0.79750823E+003, 0.86492088E-004, 0.86492088E-004, 0.80756180E+003, 0.58875875E+003,
 0.62400000E+003, 0.29375000E+001, 0.29375000E+001, 0.31100000E+001, 0.00000000E+000, 0.00000000E+000, 0.80979441E+003, 0.79752375E+003, 0.79757766E+003, 0.12148286E+004, 0.00000000E+000, 0.79751772E+003, 0.00000000E+000, 0.81085301E+003, 0.79749881E+003, 0.87582343E-004, 0.87582343E-004, 0.80752418E+003, 0.58868139E+003,
 0.62600000E+003, 0.29375000E+001, 0.29375000E+001, 0.31100000E+001, 0.00000000E+000, 0.00000000E+000, 0.80979647E+003, 0.79751368E+003, 0.79756736E+003, 0.12148438E+004, 0.00000000E+000, 0.79750767E+003, 0.00000000E+000, 0.81078353E+003, 0.79748901E+003, 0.88493649E-004, 0.88493649E-004, 0.80748128E+003, 0.58860443E+003,
 0.62800000E+003, 0.29375000E+001, 0.29375000E+001, 0.31100000E+001, 0.00000000E+000, 0.00000000E+000, 0.80979734E+003, 0.79750328E+003, 0.79755671E+003, 0.12148562E+004, 0.00000000E+000, 0.79749730E+003, 0.00000000E+000, 0.81071459E+003, 0.79747887E+003, 0.89277000E-004, 0.89277000E-004, 0.80743394E+003, 0.58852778E+003,
 0.63000000E+003, 0.29375000E+001, 0.29375000E+001, 0.31100000E+001, 0.00000000E+000, 0.00000000E+000, 0.80979710E+003, 0.79749259E+003, 0.79754576E+003, 0.12148662E+004, 0.00000000E+000, 0.79748664E+003, 0.00000000E+000, 0.81064609E+003, 0.79746843E+003, 0.89968245E-004, 0.89968245E-004, 0.80738290E+003, 0.58845139E+003,
 0.63200000E+003, 0.29375000E+001, 0.29375000E+001, 0.31100000E+001, 0.00000000E+000, 0.00000000E+000, 0.80979577E+003, 0.79748165E+003, 0.79753454E+003, 0.12148742E+004, 0.00000000E+000, 0.79747572E+003, 0.00000000E+000, 0.81057788E+003, 0.79745772E+003, 0.90599627E-004, 0.90599627E-004, 0.80732877E+003, 0.58837521E+003,
 0.63400000E+003, 0.29375000E+001, 0.29375000E+001, 0.31100000E+001, 0.00000000E+000, 0.00000000E+000, 0.80979342E+003, 0.79747049E+003, 0.79752312E+003, 0.12148807E+004, 0.00000000E+000, 0.79746459E+003, 0.00000000E+000, 0.81050978E+003, 0.79744679E+003, 0.91179428E-004, 0.91179428E-004, 0.80727206E+003, 0.58829921E+003,
 0.63600000E+003, 0.29375000E+001, 0.29375000E+001, 0.31100000E+001, 0.00000000E+000, 0.00000000E+000, 0.80979006E+003, 0.79745914E+003, 0.79751152E+003, 0.12148858E+004, 0.00000000E+000, 0.79745326E+003, 0.00000000E+000, 0.81044167E+003, 0.79743564E+003, 0.91716868E-004, 0.91716868E-004, 0.80721327E+003, 0.58822338E+003,
 0.63800000E+003, 0.29375000E+001, 0.29375000E+001, 0.31100000E+001, 0.00000000E+000, 0.00000000E+000, 0.80978575E+003, 0.79744763E+003, 0.79749977E+003, 0.12148899E+004, 0.00000000E+000, 0.79744177E+003, 0.00000000E+000, 0.81037338E+003, 0.79742431E+003, 0.92216247E-004, 0.92216247E-004, 0.80715286E+003, 0.58814770E+003,
 0.64000000E+003, 0.29375000E+001, 0.29375000E+001, 0.31100000E+001, 0.00000000E+000, 0.00000000E+000, 0.80978049E+003, 0.79743597E+003, 0.79748790E+003, 0.12148930E+004, 0.00000000E+000, 0.79743014E+003, 0.00000000E+000, 0.81030477E+003, 0.79741283E+003, 0.92689870E-004, 0.92689870E-004, 0.80709124E+003, 0.58807214E+003,
 0.64200000E+003, 0.29375000E+001, 0.29375000E+001, 0.31100000E+001, 0.00000000E+000, 0.00000000E+000, 0.80977433E+003, 0.79742420E+003, 0.79747592E+003, 0.12148952E+004, 0.00000000E+000, 0.79741839E+003, 0.00000000E+000, 0.81023573E+003, 0.79740121E+003, 0.93133659E-004, 0.93133659E-004, 0.80702878E+003, 0.58799670E+003,
 0.64400000E+003, 0.29375000E+001, 0.29375000E+001, 0.31100000E+001, 0.00000000E+000, 0.00000000E+000, 0.80976728E+003, 0.79741233E+003, 0.79746386E+003, 0.12148967E+004, 0.00000000E+000, 0.79740654E+003, 0.00000000E+000, 0.81016616E+003, 0.79738948E+003, 0.93549518E-004, 0.93549518E-004, 0.80696584E+003, 0.58792136E+003,
 0.64600000E+003, 0.29375000E+001, 0.29375000E+001, 0.31100000E+001, 0.00000000E+000, 0.00000000E+000, 0.80975937E+003, 0.79740038E+003, 0.79745172E+003, 0.12148976E+004, 0.00000000E+000, 0.79739460E+003, 0.00000000E+000, 0.81009597E+003, 0.79737766E+003, 0.93944613E-004, 0.93944613E-004, 0.80690275E+003, 0.58784612E+003,
 0.64800000E+003, 0.29375000E+001, 0.29375000E+001, 0.31100000E+001, 0.00000000E+000, 0.00000000E+000, 0.80975062E+003, 0.79738835E+003, 0.79743952E+003, 0.12148979E+004, 0.00000000E+000, 0.79738260E+003, 0.00000000E+000, 0.81002505E+003, 0.79736576E+003, 0.94320988E-004, 0.94320988E-004, 0.80683979E+003, 0.58777096E+003,
 0.65000000E+003, 0.29375000E+001, 0.29375000E+001, 0.31100000E+001, 0.00000000E+000, 0.00000000E+000, 0.80974106E+003, 0.79737627E+003, 0.79742726E+003, 0.12148977E+004, 0.00000000E+000, 0.79737053E+003, 0.00000000E+000, 0.80995336E+003, 0.79735379E+003, 0.94675898E-004, 0.94675898E-004, 0.80677721E+003, 0.58769589E+003,
 0.65200000E+003, 0.29375000E+001, 0.29375000E+001, 0.31100000E+001, 0.00000000E+000, 0.00000000E+000, 0.80973071E+003, 0.79736415E+003, 0.79741497E+003, 0.12148969E+004, 0.00000000E+000, 0.79735843E+003, 0.00000000E+000, 0.80988085E+003, 0.79734177E+003, 0.95013395E-004, 0.95013395E-004, 0.80671524E+003, 0.58762088E+003,
 0.65400000E+003, 0.29375000E+001, 0.29375000E+001, 0.31100000E+001, 0.00000000E+000, 0.00000000E+000, 0.80971960E+003, 0.79735199E+003, 0.79740264E+003, 0.12148957E+004, 0.00000000E+000, 0.79734629E+003, 0.00000000E+000, 0.80980751E+003, 0.79732972E+003, 0.95336629E-004, 0.95336629E-004, 0.80665408E+003, 0.58754595E+003,
 0.65600000E+003, 0.29375000E+001, 0.29375000E+001, 0.31100000E+001, 0.00000000E+000, 0.00000000E+000, 0.80970774E+003, 0.79733982E+003, 0.79739031E+003, 0.12148941E+004, 0.00000000E+000, 0.79733413E+003, 0.00000000E+000, 0.80973334E+003, 0.79731764E+003, 0.95645893E-004, 0.95645893E-004, 0.80659388E+003, 0.58747108E+003,
 0.65800000E+003, 0.29375000E+001, 0.29375000E+001, 0.31100000E+001, 0.00000000E+000, 0.00000000E+000, 0.80969518E+003, 0.79732763E+003, 0.79737796E+003, 0.12148921E+004, 0.00000000E+000, 0.79732197E+003, 0.00000000E+000, 0.80965836E+003, 0.79730555E+003, 0.95942908E-004, 0.95942908E-004, 0.80653480E+003, 0.58739627E+003,
 0.66000000E+003, 0.29375000E+001, 0.29375000E+001, 0.31100000E+001, 0.00000000E+000, 0.00000000E+000, 0.80968192E+003, 0.79731545E+003, 0.79736563E+003, 0.12148897E+004, 0.00000000E+000, 0.79730980E+003, 0.00000000E+000, 0.80958261E+003, 0.79729345E+003, 0.96228197E-004, 0.96228197E-004, 0.80647695E+003, 0.58732151E+003,
 0.66200000E+003, 0.29375000E+001, 0.29375000E+001, 0.31100000E+001, 0.00000000E+000, 0.00000000E+000, 0.80966800E+003, 0.79730328E+003, 0.79735331E+003, 0.12148869E+004, 0.00000000E+000, 0.79729765E+003, 0.00000000E+000, 0.80950613E+003, 0.79728136E+003, 0.96509563E-004, 0.96509563E-004, 0.80642046E+003, 0.58724681E+003,
 0.66400000E+003, 0.29375000E+001, 0.29375000E+001, 0.31100000E+001, 0.00000000E+000, 0.00000000E+000, 0.80965345E+003, 0.79729114E+003, 0.79734102E+003, 0.12148835E+004, 0.00000000E+000, 0.79728552E+003, 0.00000000E+000, 0.80942900E+003, 0.79726928E+003, 0.96781895E-004, 0.96781895E-004, 0.80636540E+003, 0.58717217E+003,
 0.66600000E+003, 0.29375000E+001, 0.29375000E+001, 0.31100000E+001, 0.00000000E+000, 0.00000000E+000, 0.80963831E+003, 0.79727902E+003, 0.79732877E+003, 0.12148797E+004, 0.00000000E+000, 0.79727342E+003, 0.00000000E+000, 0.80935133E+003, 0.79725723E+003, 0.97032670E-004, 0.97032670E-004, 0.80631186E+003, 0.58709758E+003,
 0.66800000E+003, 0.29375000E+001, 0.29375000E+001, 0.31100000E+001, 0.00000000E+000, 0.00000000E+000, 0.80962260E+003, 0.79726695E+003, 0.79731656E+003, 0.12148752E+004, 0.00000000E+000, 0.79726136E+003, 0.00000000E+000, 0.80927325E+003, 0.79724522E+003, 0.97261971E-004, 0.97261971E-004, 0.80625995E+003, 0.58702303E+003,
 0.67000000E+003, 0.29375000E+001, 0.29375000E+001, 0.31100000E+001, 0.00000000E+000, 0.00000000E+000, 0.80960637E+003, 0.79725493E+003, 0.79730440E+003, 0.12148701E+004, 0.00000000E+000, 0.79724936E+003, 0.00000000E+000, 0.80919490E+003, 0.79723325E+003, 0.97471042E-004, 0.97471042E-004, 0.80620974E+003, 0.58694853E+003,
 0.67200000E+003, 0.29375000E+001, 0.29375000E+001, 0.31100000E+001, 0.00000000E+000, 0.00000000E+000, 0.80958966E+003, 0.79724298E+003, 0.79729232E+003, 0.12148645E+004, 0.00000000E+000, 0.79723742E+003, 0.00000000E+000, 0.80911641E+003, 0.79722135E+003, 0.97661413E-004, 0.97661413E-004, 0.80616129E+003, 0.58687406E+003,
 0.67400000E+003, 0.29375000E+001, 0.29375000E+001, 0.31100000E+001, 0.00000000E+000, 0.00000000E+000, 0.80957251E+003, 0.79723110E+003, 0.79728031E+003, 0.12148583E+004, 0.00000000E+000, 0.79722556E+003, 0.00000000E+000, 0.80903791E+003, 0.79720952E+003, 0.97835044E-004, 0.97835044E-004, 0.80611466E+003, 0.58679962E+003,
 0.67600000E+003, 0.29375000E+001, 0.29375000E+001, 0.31100000E+001, 0.00000000E+000, 0.00000000E+000, 0.80955496E+003, 0.79721931E+003, 0.79726839E+003, 0.12148516E+004, 0.00000000E+000, 0.79721378E+003, 0.00000000E+000, 0.80895954E+003, 0.79719776E+003, 0.97993200E-004, 0.97993200E-004, 0.80606990E+003, 0.58672520E+003,
 0.67800000E+003, 0.29375000E+001, 0.29375000E+001, 0.31100000E+001, 0.00000000E+000, 0.00000000E+000, 0.80953705E+003, 0.79720761E+003, 0.79725657E+003, 0.12148446E+004, 0.00000000E+000, 0.79720209E+003, 0.00000000E+000, 0.80888144E+003, 0.79718610E+003, 0.98137252E-004, 0.98137252E-004, 0.80602706E+003, 0.58665080E+003,
 0.68000000E+003, 0.29375000E+001, 0.29375000E+001, 0.31100000E+001, 0.00000000E+000, 0.00000000E+000, 0.80951882E+003, 0.79719600E+003, 0.79724485E+003, 0.12148371E+004, 0.00000000E+000, 0.79719051E+003, 0.00000000E+000, 0.80880374E+003, 0.79717453E+003, 0.98268315E-004, 0.98268315E-004, 0.80598616E+003, 0.58657641E+003,
 0.68200000E+003, 0.29375000E+001, 0.29375000E+001, 0.31100000E+001, 0.00000000E+000, 0.00000000E+000, 0.80950031E+003, 0.79718451E+003, 0.79723324E+003, 0.12148293E+004, 0.00000000E+000, 0.79717902E+003, 0.00000000E+000, 0.80872660E+003, 0.79716305E+003, 0.98387064E-004, 0.98387064E-004, 0.80594725E+003, 0.58650204E+003,
 0.68400000E+003, 0.29375000E+001, 0.29375000E+001, 0.31100000E+001, 0.00000000E+000, 0.00000000E+000, 0.80948157E+003, 0.79717313E+003, 0.79722175E+003, 0.12148213E+004, 0.00000000E+000, 0.79716766E+003, 0.00000000E+000, 0.80865014E+003, 0.79715169E+003, 0.98494301E-004, 0.98494301E-004, 0.80591036E+003, 0.58642767E+003,
 0.68600000E+003, 0.29375000E+001, 0.29375000E+001, 0.31100000E+001, 0.00000000E+000, 0.00000000E+000, 0.80946263E+003, 0.79716187E+003, 0.79721039E+003, 0.12148130E+004, 0.00000000E+000, 0.79715641E+003, 0.00000000E+000, 0.80857451E+003, 0.79714045E+003, 0.98591727E-004, 0.98591727E-004, 0.80587553E+003, 0.58635331E+003,
 0.68800000E+003, 0.29375000E+001, 0.29375000E+001, 0.31100000E+001, 0.00000000E+000, 0.00000000E+000, 0.80944354E+003, 0.79715074E+003, 0.79719917E+003, 0.12148045E+004, 0.00000000E+000, 0.79714529E+003, 0.00000000E+000, 0.80849986E+003, 0.79712932E+003, 0.98677574E-004, 0.98677574E-004, 0.80584277E+003, 0.58627896E+003,
 0.69000000E+003, 0.29375000E+001, 0.29375000E+001, 0.31100000E+001, 0.00000000E+000, 0.00000000E+000, 0.80942435E+003, 0.79713974E+003, 0.79718809E+003, 0.12147958E+004, 0.00000000E+000, 0.79713430E+003, 0.00000000E+000, 0.80842632E+003, 0.79711832E+003, 0.98753049E-004, 0.98753049E-004, 0.80581212E+003, 0.58620462E+003,
 0.69200000E+003, 0.29375000E+001, 0.29375000E+001, 0.31100000E+001, 0.00000000E+000, 0.00000000E+000, 0.80940509E+003, 0.79712888E+003, 0.79717716E+003, 0.12147869E+004, 0.00000000E+000, 0.79712345E+003, 0.00000000E+000, 0.80835402E+003, 0.79710745E+003, 0.98818729E-004, 0.98818729E-004, 0.80578359E+003, 0.58613027E+003,
 0.69400000E+003, 0.29375000E+001, 0.29375000E+001, 0.31100000E+001, 0.00000000E+000, 0.00000000E+000, 0.80938580E+003, 0.79711817E+003, 0.79716639E+003, 0.12147779E+004, 0.00000000E+000, 0.79711275E+003, 0.00000000E+000, 0.80828309E+003, 0.79709672E+003, 0.98874765E-004, 0.98874765E-004, 0.80575721E+003, 0.58605593E+003,
 0.69600000E+003, 0.29375000E+001, 0.29375000E+001, 0.31100000E+001, 0.00000000E+000, 0.00000000E+000, 0.80936654E+003, 0.79710761E+003, 0.79715577E+003, 0.12147687E+004, 0.00000000E+000, 0.79710220E+003, 0.00000000E+000, 0.80821368E+003, 0.79708614E+003, 0.98921290E-004, 0.98921290E-004, 0.80573300E+003, 0.58598159E+003,
 0.69800000E+003, 0.29375000E+001, 0.29375000E+001, 0.31100000E+001, 0.00000000E+000, 0.00000000E+000, 0.80934734E+003, 0.79709720E+003, 0.79714533E+003, 0.12147595E+004, 0.00000000E+000, 0.79709180E+003, 0.00000000E+000, 0.80814590E+003, 0.79707570E+003, 0.98956779E-004, 0.98956779E-004, 0.80571096E+003, 0.58590725E+003,
 0.70000000E+003, 0.29375000E+001, 0.29375000E+001, 0.31100000E+001, 0.00000000E+000, 0.00000000E+000, 0.80932824E+003, 0.79708696E+003, 0.79713506E+003, 0.12147501E+004, 0.00000000E+000, 0.79708156E+003, 0.00000000E+000, 0.80807987E+003, 0.79706542E+003, 0.98986037E-004, 0.98986037E-004, 0.80569112E+003, 0.58583291E+003,
 0.70200000E+003, 0.29375000E+001, 0.29375000E+001, 0.31100000E+001, 0.00000000E+000, 0.00000000E+000, 0.80930928E+003, 0.79707689E+003, 0.79712497E+003, 0.12147407E+004, 0.00000000E+000, 0.79707148E+003, 0.00000000E+000, 0.80801570E+003, 0.79705529E+003, 0.99005040E-004, 0.99005040E-004, 0.80567347E+003, 0.58575856E+003,
 0.70400000E+003, 0.29375000E+001, 0.29375000E+001, 0.31100000E+001, 0.00000000E+000, 0.00000000E+000, 0.80929051E+003, 0.79706698E+003, 0.79711507E+003, 0.12147311E+004, 0.00000000E+000, 0.79706158E+003, 0.00000000E+000, 0.80795351E+003, 0.79704533E+003, 0.99014981E-004, 0.99014981E-004, 0.80565802E+003, 0.58568421E+003,
 0.70600000E+003, 0.29375000E+001, 0.29375000E+001, 0.31100000E+001, 0.00000000E+000, 0.00000000E+000, 0.80927196E+003, 0.79705726E+003, 0.79710535E+003, 0.12147216E+004, 0.00000000E+000, 0.79705185E+003, 0.00000000E+000, 0.80789340E+003, 0.79703554E+003, 0.99015775E-004, 0.99015775E-004, 0.80564478E+003, 0.58560985E+003,
 0.70800000E+003, 0.29375000E+001, 0.29375000E+001, 0.31100000E+001, 0.00000000E+000, 0.00000000E+000, 0.80925367E+003, 0.79704771E+003, 0.79709584E+003, 0.12147119E+004, 0.00000000E+000, 0.79704231E+003, 0.00000000E+000, 0.80783546E+003, 0.79702592E+003, 0.99007520E-004, 0.99007520E-004, 0.80563374E+003, 0.58553549E+003,
 0.71000000E+003, 0.29375000E+001, 0.29375000E+001, 0.31100000E+001, 0.00000000E+000, 0.00000000E+000, 0.80923568E+003, 0.79703836E+003, 0.79708653E+003, 0.12147023E+004, 0.00000000E+000, 0.79703295E+003, 0.00000000E+000, 0.80777980E+003, 0.79701647E+003, 0.98990157E-004, 0.98990157E-004, 0.80562490E+003, 0.58546112E+003,
 0.71200000E+003, 0.29375000E+001, 0.29375000E+001, 0.31100000E+001, 0.00000000E+000, 0.00000000E+000, 0.80921802E+003, 0.79702919E+003, 0.79707743E+003, 0.12146926E+004, 0.00000000E+000, 0.79702378E+003, 0.00000000E+000, 0.80772648E+003, 0.79700721E+003, 0.98963704E-004, 0.98963704E-004, 0.80561824E+003, 0.58538675E+003,
 0.71400000E+003, 0.29375000E+001, 0.29375000E+001, 0.30750000E+001, 0.00000000E+000, 0.00000000E+000, 0.80922640E+003, 0.79702023E+003, 0.79706855E+003, 0.12148941E+004, 0.00000000E+000, 0.79701481E+003, 0.00000000E+000, 0.80767560E+003, 0.79699814E+003, 0.98928082E-004, 0.98928082E-004, 0.80561375E+003, 0.58531237E+003,
 0.71600000E+003, 0.29375000E+001, 0.29375000E+001, 0.30750000E+001, 0.00000000E+000, 0.00000000E+000, 0.80923568E+003, 0.79701147E+003, 0.79705989E+003, 0.12148844E+004, 0.00000000E+000, 0.79700605E+003, 0.00000000E+000, 0.80762723E+003, 0.79698926E+003, 0.98884418E-004, 0.98884418E-004, 0.80561142E+003, 0.58523798E+003,
 0.71800000E+003, 0.29375000E+001, 0.29375000E+001, 0.30750000E+001, 0.00000000E+000, 0.00000000E+000, 0.80924500E+003, 0.79700293E+003, 0.79705146E+003, 0.12148747E+004, 0.00000000E+000, 0.79699749E+003, 0.00000000E+000, 0.80758144E+003, 0.79698058E+003, 0.98830413E-004, 0.98830413E-004, 0.80561122E+003, 0.58516358E+003,
 0.72000000E+003, 0.29375000E+001, 0.29375000E+001, 0.30750000E+001, 0.00000000E+000, 0.00000000E+000, 0.80925432E+003, 0.79699459E+003, 0.79704327E+003, 0.12148650E+004, 0.00000000E+000, 0.79698914E+003, 0.00000000E+000, 0.80753828E+003, 0.79697211E+003, 0.98766770E-004, 0.98766770E-004, 0.80561312E+003, 0.58508917E+003,
 0.72200000E+003, 0.29375000E+001, 0.29375000E+001, 0.30750000E+001, 0.00000000E+000, 0.00000000E+000, 0.80926362E+003, 0.79698649E+003, 0.79703532E+003, 0.12148553E+004, 0.00000000E+000, 0.79698102E+003, 0.00000000E+000, 0.80749782E+003, 0.79696384E+003, 0.98693749E-004, 0.98693749E-004, 0.80561710E+003, 0.58501475E+003,
 0.72400000E+003, 0.29375000E+001, 0.29375000E+001, 0.30750000E+001, 0.00000000E+000, 0.00000000E+000, 0.80927287E+003, 0.79697861E+003, 0.79702762E+003, 0.12148456E+004, 0.00000000E+000, 0.79697313E+003, 0.00000000E+000, 0.80746011E+003, 0.79695579E+003, 0.98610965E-004, 0.98610965E-004, 0.80562311E+003, 0.58494031E+003,
 0.72600000E+003, 0.29375000E+001, 0.29375000E+001, 0.30750000E+001, 0.00000000E+000, 0.00000000E+000, 0.80928205E+003, 0.79697097E+003, 0.79702019E+003, 0.12148360E+004, 0.00000000E+000, 0.79696547E+003, 0.00000000E+000, 0.80742520E+003, 0.79694797E+003, 0.98518105E-004, 0.98518105E-004, 0.80563111E+003, 0.58486586E+003,
 0.72800000E+003, 0.29375000E+001, 0.29375000E+001, 0.30750000E+001, 0.00000000E+000, 0.00000000E+000, 0.80929113E+003, 0.79696358E+003, 0.79701302E+003, 0.12148265E+004, 0.00000000E+000, 0.79695805E+003, 0.00000000E+000, 0.80739313E+003, 0.79694037E+003, 0.98415033E-004, 0.98415033E-004, 0.80564105E+003, 0.58479139E+003,
 0.73000000E+003, 0.29375000E+001, 0.29375000E+001, 0.30750000E+001, 0.00000000E+000, 0.00000000E+000, 0.80930007E+003, 0.79695644E+003, 0.79700613E+003, 0.12148170E+004, 0.00000000E+000, 0.79695089E+003, 0.00000000E+000, 0.80736395E+003, 0.79693302E+003, 0.98301512E-004, 0.98301512E-004, 0.80565290E+003, 0.58471690E+003,
 0.73200000E+003, 0.29375000E+001, 0.29375000E+001, 0.30750000E+001, 0.00000000E+000, 0.00000000E+000, 0.80930887E+003, 0.79694956E+003, 0.79699953E+003, 0.12148076E+004, 0.00000000E+000, 0.79694398E+003, 0.00000000E+000, 0.80733768E+003, 0.79692591E+003, 0.98177267E-004, 0.98177267E-004, 0.80566658E+003, 0.58464239E+003,
 0.73400000E+003, 0.29375000E+001, 0.29375000E+001, 0.30750000E+001, 0.00000000E+000, 0.00000000E+000, 0.80931749E+003, 0.79694295E+003, 0.79699323E+003, 0.12147983E+004, 0.00000000E+000, 0.79693734E+003, 0.00000000E+000, 0.80731436E+003, 0.79691905E+003, 0.98041917E-004, 0.98041917E-004, 0.80568204E+003, 0.58456786E+003,
 0.73600000E+003, 0.29375000E+001, 0.29375000E+001, 0.30750000E+001, 0.00000000E+000, 0.00000000E+000, 0.80932590E+003, 0.79693663E+003, 0.79698723E+003, 0.12147891E+004, 0.00000000E+000, 0.79693098E+003, 0.00000000E+000, 0.80729402E+003, 0.79691246E+003, 0.97895128E-004, 0.97895128E-004, 0.80569922E+003, 0.58449331E+003,
 0.73800000E+003, 0.29375000E+001, 0.29375000E+001, 0.30750000E+001, 0.00000000E+000, 0.00000000E+000, 0.80933409E+003, 0.79693060E+003, 0.79698155E+003, 0.12147800E+004, 0.00000000E+000, 0.79692491E+003, 0.00000000E+000, 0.80727669E+003, 0.79690614E+003, 0.97737551E-004, 0.97737551E-004, 0.80571805E+003, 0.58441873E+003,
 0.74000000E+003, 0.29375000E+001, 0.29375000E+001, 0.30750000E+001, 0.00000000E+000, 0.00000000E+000, 0.80934203E+003, 0.79692486E+003, 0.79697621E+003, 0.12147710E+004, 0.00000000E+000, 0.79691914E+003, 0.00000000E+000, 0.80726239E+003, 0.79690011E+003, 0.97566737E-004, 0.97566737E-004, 0.80573846E+003, 0.58434412E+003,
 0.74200000E+003, 0.29375000E+001, 0.29375000E+001, 0.30750000E+001, 0.00000000E+000, 0.00000000E+000, 0.80934969E+003, 0.79691945E+003, 0.79697121E+003, 0.12147621E+004, 0.00000000E+000, 0.79691368E+003, 0.00000000E+000, 0.80725115E+003, 0.79689437E+003, 0.97382868E-004, 0.97382868E-004, 0.80576037E+003, 0.58426948E+003,
 0.74400000E+003, 0.29375000E+001, 0.29375000E+001, 0.30750000E+001, 0.00000000E+000, 0.00000000E+000, 0.80935707E+003, 0.79691436E+003, 0.79696657E+003, 0.12147534E+004, 0.00000000E+000, 0.79690855E+003, 0.00000000E+000, 0.80724299E+003, 0.79688894E+003, 0.97185843E-004, 0.97185843E-004, 0.80578370E+003, 0.58419481E+003,
 0.74600000E+003, 0.29375000E+001, 0.29375000E+001, 0.30750000E+001, 0.00000000E+000, 0.00000000E+000, 0.80936412E+003, 0.79690961E+003, 0.79696231E+003, 0.12147448E+004, 0.00000000E+000, 0.79690375E+003, 0.00000000E+000, 0.80723794E+003, 0.79688382E+003, 0.96974734E-004, 0.96974734E-004, 0.80580836E+003, 0.58412010E+003,
 0.74800000E+003, 0.29375000E+001, 0.29375000E+001, 0.30750000E+001, 0.00000000E+000, 0.00000000E+000, 0.80937083E+003, 0.79690522E+003, 0.79695844E+003, 0.12147364E+004, 0.00000000E+000, 0.79689931E+003, 0.00000000E+000, 0.80723602E+003, 0.79687905E+003, 0.96749058E-004, 0.96749058E-004, 0.80583426E+003, 0.58404534E+003,
 0.75000000E+003, 0.29375000E+001, 0.29375000E+001, 0.30750000E+001, 0.00000000E+000, 0.00000000E+000, 0.80937719E+003, 0.79690121E+003, 0.79695497E+003, 0.12147281E+004, 0.00000000E+000, 0.79689523E+003, 0.00000000E+000, 0.80723726E+003, 0.79687461E+003, 0.96508165E-004, 0.96508165E-004, 0.80586131E+003, 0.58397054E+003,
 0.75200000E+003, 0.29375000E+001, 0.29375000E+001, 0.30750000E+001, 0.00000000E+000, 0.00000000E+000, 0.80938317E+003, 0.79689758E+003, 0.79695194E+003, 0.12147201E+004, 0.00000000E+000, 0.79689154E+003, 0.00000000E+000, 0.80724169E+003, 0.79687055E+003, 0.96251347E-004, 0.96251347E-004, 0.80588943E+003, 0.58389570E+003,
 0.75400000E+003, 0.29375000E+001, 0.29375000E+001, 0.30750000E+001, 0.00000000E+000, 0.00000000E+000, 0.80938876E+003, 0.79689436E+003, 0.79694934E+003, 0.12147122E+004, 0.00000000E+000, 0.79688826E+003, 0.00000000E+000, 0.80724933E+003, 0.79686686E+003, 0.95977813E-004, 0.95977813E-004, 0.80591850E+003, 0.58382080E+003,
 0.75600000E+003, 0.29375000E+001, 0.29375000E+001, 0.30750000E+001, 0.00000000E+000, 0.00000000E+000, 0.80939392E+003, 0.79689156E+003, 0.79694722E+003, 0.12147046E+004, 0.00000000E+000, 0.79688539E+003, 0.00000000E+000, 0.80726022E+003, 0.79686358E+003, 0.95688004E-004, 0.95688004E-004, 0.80594844E+003, 0.58374584E+003,
 0.75800000E+003, 0.29375000E+001, 0.29375000E+001, 0.30750000E+001, 0.00000000E+000, 0.00000000E+000, 0.80939866E+003, 0.79688922E+003, 0.79694559E+003, 0.12146971E+004, 0.00000000E+000, 0.79688297E+003, 0.00000000E+000, 0.80727440E+003, 0.79686071E+003, 0.95378447E-004, 0.95378447E-004, 0.80597914E+003, 0.58367083E+003,
 0.76000000E+003, 0.29375000E+001, 0.29375000E+001, 0.30750000E+001, 0.00000000E+000, 0.00000000E+000, 0.80940294E+003, 0.79688734E+003, 0.79694447E+003, 0.12146899E+004, 0.00000000E+000, 0.79688102E+003, 0.00000000E+000, 0.80729191E+003, 0.79685828E+003, 0.95049484E-004, 0.95049484E-004, 0.80601049E+003, 0.58359576E+003,
 0.76200000E+003, 0.29375000E+001, 0.29375000E+001, 0.30750000E+001, 0.00000000E+000, 0.00000000E+000, 0.80940676E+003, 0.79688596E+003, 0.79694390E+003, 0.12146830E+004, 0.00000000E+000, 0.79687955E+003, 0.00000000E+000, 0.80731280E+003, 0.79685631E+003, 0.94699867E-004, 0.94699867E-004, 0.80604237E+003, 0.58352060E+003,
 0.76400000E+003, 0.29375000E+001, 0.29375000E+001, 0.30750000E+001, 0.00000000E+000, 0.00000000E+000, 0.80941010E+003, 0.79688510E+003, 0.79694389E+003, 0.12146763E+004, 0.00000000E+000, 0.79687860E+003, 0.00000000E+000, 0.80733712E+003, 0.79685483E+003, 0.94328587E-004, 0.94328587E-004, 0.80607469E+003, 0.58344537E+003,
 0.76600000E+003, 0.29375000E+001, 0.29375000E+001, 0.30750000E+001, 0.00000000E+000, 0.00000000E+000, 0.80941293E+003, 0.79688479E+003, 0.79694449E+003, 0.12146699E+004, 0.00000000E+000, 0.79687819E+003, 0.00000000E+000, 0.80736495E+003, 0.79685386E+003, 0.93934453E-004, 0.93934453E-004, 0.80610732E+003, 0.58337006E+003,
 0.76800000E+003, 0.29375000E+001, 0.29375000E+001, 0.30750000E+001, 0.00000000E+000, 0.00000000E+000, 0.80941525E+003, 0.79688505E+003, 0.79694571E+003, 0.12146638E+004, 0.00000000E+000, 0.79687836E+003, 0.00000000E+000, 0.80739634E+003, 0.79685343E+003, 0.93517306E-004, 0.93517306E-004, 0.80614016E+003, 0.58329466E+003,
 0.77000000E+003, 0.29375000E+001, 0.29375000E+001, 0.30750000E+001, 0.00000000E+000, 0.00000000E+000, 0.80941704E+003, 0.79688592E+003, 0.79694761E+003, 0.12146581E+004, 0.00000000E+000, 0.79687912E+003, 0.00000000E+000, 0.80743138E+003, 0.79685357E+003, 0.93073313E-004, 0.93073313E-004, 0.80617308E+003, 0.58321917E+003,
 0.77200000E+003, 0.29375000E+001, 0.29375000E+001, 0.30750000E+001, 0.00000000E+000, 0.00000000E+000, 0.80941829E+003, 0.79688744E+003, 0.79695021E+003, 0.12146527E+004, 0.00000000E+000, 0.79688053E+003, 0.00000000E+000, 0.80747016E+003, 0.79685431E+003, 0.92601993E-004, 0.92601993E-004, 0.80620596E+003, 0.58314357E+003,
 0.77400000E+003, 0.29375000E+001, 0.29375000E+001, 0.30750000E+001, 0.00000000E+000, 0.00000000E+000, 0.80941898E+003, 0.79688964E+003, 0.79695356E+003, 0.12146476E+004, 0.00000000E+000, 0.79688261E+003, 0.00000000E+000, 0.80751280E+003, 0.79685569E+003, 0.92101529E-004, 0.92101529E-004, 0.80623867E+003, 0.58306787E+003,
 0.77600000E+003, 0.29375000E+001, 0.29375000E+001, 0.30750000E+001, 0.00000000E+000, 0.00000000E+000, 0.80941910E+003, 0.79689257E+003, 0.79695770E+003, 0.12146429E+004, 0.00000000E+000, 0.79688541E+003, 0.00000000E+000, 0.80755940E+003, 0.79685774E+003, 0.91570231E-004, 0.91570231E-004, 0.80627108E+003, 0.58299204E+003,
 0.77800000E+003, 0.29375000E+001, 0.29375000E+001, 0.30750000E+001, 0.00000000E+000, 0.00000000E+000, 0.80941864E+003, 0.79689625E+003, 0.79696267E+003, 0.12146386E+004, 0.00000000E+000, 0.79688896E+003, 0.00000000E+000, 0.80761011E+003, 0.79686050E+003, 0.91007292E-004, 0.91007292E-004, 0.80630308E+003, 0.58291609E+003,
 0.78000000E+003, 0.29375000E+001, 0.29375000E+001, 0.30750000E+001, 0.00000000E+000, 0.00000000E+000, 0.80941757E+003, 0.79690075E+003, 0.79696854E+003, 0.12146348E+004, 0.00000000E+000, 0.79689331E+003, 0.00000000E+000, 0.80766507E+003, 0.79686402E+003, 0.90407982E-004, 0.90407982E-004, 0.80633451E+003, 0.58284001E+003,
 0.78200000E+003, 0.29375000E+001, 0.29375000E+001, 0.30750000E+001, 0.00000000E+000, 0.00000000E+000, 0.80941590E+003, 0.79690612E+003, 0.79697535E+003, 0.12146314E+004, 0.00000000E+000, 0.79689852E+003, 0.00000000E+000, 0.80772447E+003, 0.79686834E+003, 0.89770798E-004, 0.89770798E-004, 0.80636524E+003, 0.58276378E+003,
 0.78400000E+003, 0.29375000E+001, 0.29375000E+001, 0.30750000E+001, 0.00000000E+000, 0.00000000E+000, 0.80941360E+003, 0.79691240E+003, 0.79698318E+003, 0.12146285E+004, 0.00000000E+000, 0.79690464E+003, 0.00000000E+000, 0.80778850E+003, 0.79687351E+003, 0.89093150E-004, 0.89093150E-004, 0.80639510E+003, 0.58268739E+003,
 0.78600000E+003, 0.29375000E+001, 0.29375000E+001, 0.30750000E+001, 0.00000000E+000, 0.00000000E+000, 0.80941067E+003, 0.79691965E+003, 0.79699207E+003, 0.12146262E+004, 0.00000000E+000, 0.79691173E+003, 0.00000000E+000, 0.80785737E+003, 0.79687959E+003, 0.88373288E-004, 0.88373288E-004, 0.80642395E+003, 0.58261084E+003,
 0.78800000E+003, 0.29375000E+001, 0.29375000E+001, 0.30750000E+001, 0.00000000E+000, 0.00000000E+000, 0.80940708E+003, 0.79692795E+003, 0.79700211E+003, 0.12146244E+004, 0.00000000E+000, 0.79691985E+003, 0.00000000E+000, 0.80793134E+003, 0.79688664E+003, 0.87605505E-004, 0.87605505E-004, 0.80645163E+003, 0.58253413E+003,
 0.79000000E+003, 0.29375000E+001, 0.29375000E+001, 0.30750000E+001, 0.00000000E+000, 0.00000000E+000, 0.80940284E+003, 0.79693737E+003, 0.79701338E+003, 0.12146231E+004, 0.00000000E+000, 0.79692907E+003, 0.00000000E+000, 0.80801069E+003, 0.79689472E+003, 0.86787029E-004, 0.86787029E-004, 0.80647793E+003, 0.58245722E+003,
 0.79200000E+003, 0.29375000E+001, 0.29375000E+001, 0.30750000E+001, 0.00000000E+000, 0.00000000E+000, 0.80939792E+003, 0.79694798E+003, 0.79702597E+003, 0.12146225E+004, 0.00000000E+000, 0.79693947E+003, 0.00000000E+000, 0.80809575E+003, 0.79690391E+003, 0.85913515E-004, 0.85913515E-004, 0.80650266E+003, 0.58238011E+003,
 0.79400000E+003, 0.29375000E+001, 0.29375000E+001, 0.30750000E+001, 0.00000000E+000, 0.00000000E+000, 0.80939231E+003, 0.79695987E+003, 0.79703996E+003, 0.12146226E+004, 0.00000000E+000, 0.79695114E+003, 0.00000000E+000, 0.80818687E+003, 0.79691428E+003, 0.84981785E-004, 0.84981785E-004, 0.80652560E+003, 0.58230279E+003,
 0.79600000E+003, 0.29375000E+001, 0.29375000E+001, 0.30750000E+001, 0.00000000E+000, 0.00000000E+000, 0.80938601E+003, 0.79697314E+003, 0.79705548E+003, 0.12146234E+004, 0.00000000E+000, 0.79696417E+003, 0.00000000E+000, 0.80828446E+003, 0.79692591E+003, 0.83984017E-004, 0.83984017E-004, 0.80654651E+003, 0.58222526E+003,
 0.79800000E+003, 0.29375000E+001, 0.29375000E+001, 0.30750000E+001, 0.00000000E+000, 0.00000000E+000, 0.80937899E+003, 0.79698789E+003, 0.79707264E+003, 0.12146249E+004, 0.00000000E+000, 0.79697867E+003, 0.00000000E+000, 0.80838902E+003, 0.79693892E+003, 0.82915049E-004, 0.82915049E-004, 0.80656507E+003, 0.58214747E+003,
 0.80000000E+003, 0.29375000E+001, 0.29375000E+001, 0.30750000E+001, 0.00000000E+000, 0.00000000E+000, 0.80937125E+003, 0.79700424E+003, 0.79709159E+003, 0.12146273E+004, 0.00000000E+000, 0.79699475E+003, 0.00000000E+000, 0.80850107E+003, 0.79695339E+003, 0.81769132E-004, 0.81769132E-004, 0.80658100E+003, 0.58206943E+003,
 0.80200000E+003, 0.29375000E+001, 0.29375000E+001, 0.30750000E+001, 0.00000000E+000, 0.00000000E+000, 0.80936278E+003, 0.79702233E+003, 0.79711247E+003, 0.12146305E+004, 0.00000000E+000, 0.79701255E+003, 0.00000000E+000, 0.80862123E+003, 0.79696946E+003, 0.80549399E-004, 0.80549399E-004, 0.80659391E+003, 0.58199112E+003,
 0.80400000E+003, 0.29375000E+001, 0.29375000E+001, 0.30750000E+001, 0.00000000E+000, 0.00000000E+000, 0.80935356E+003, 0.79704232E+003, 0.79713548E+003, 0.12146346E+004, 0.00000000E+000, 0.79703221E+003, 0.00000000E+000, 0.80875017E+003, 0.79698725E+003, 0.79273733E-004, 0.79273733E-004, 0.80660351E+003, 0.58191252E+003,
 0.80600000E+003, 0.29375000E+001, 0.29375000E+001, 0.30750000E+001, 0.00000000E+000, 0.00000000E+000, 0.80934358E+003, 0.79706440E+003, 0.79716088E+003, 0.12146397E+004, 0.00000000E+000, 0.79705394E+003, 0.00000000E+000, 0.80888878E+003, 0.79700691E+003, 0.77917827E-004, 0.77917827E-004, 0.80660930E+003, 0.58183364E+003,
 0.80800000E+003, 0.29375000E+001, 0.29375000E+001, 0.30750000E+001, 0.00000000E+000, 0.00000000E+000, 0.80933283E+003, 0.79708881E+003, 0.79718899E+003, 0.12146459E+004, 0.00000000E+000, 0.79707797E+003, 0.00000000E+000, 0.80903825E+003, 0.79702865E+003, 0.76464040E-004, 0.76464040E-004, 0.80661046E+003, 0.58175445E+003,
 0.81000000E+003, 0.29375000E+001, 0.29375000E+001, 0.30750000E+001, 0.00000000E+000, 0.00000000E+000, 0.80932128E+003, 0.79711586E+003, 0.79722014E+003, 0.12146532E+004, 0.00000000E+000, 0.79710457E+003, 0.00000000E+000, 0.80919995E+003, 0.79705271E+003, 0.74912500E-004, 0.74912500E-004, 0.80660610E+003, 0.58167494E+003,
 0.81200000E+003, 0.29375000E+001, 0.29375000E+001, 0.30750000E+001, 0.00000000E+000, 0.00000000E+000, 0.80930893E+003, 0.79714586E+003, 0.79725478E+003, 0.12146616E+004, 0.00000000E+000, 0.79713408E+003, 0.00000000E+000, 0.80937545E+003, 0.79707934E+003, 0.73282695E-004, 0.73282695E-004, 0.80659534E+003, 0.58159510E+003,
 0.81400000E+003, 0.29375000E+001, 0.29375000E+001, 0.30750000E+001, 0.00000000E+000, 0.00000000E+000, 0.80929576E+003, 0.79717928E+003, 0.79729351E+003, 0.12146711E+004, 0.00000000E+000, 0.79716692E+003, 0.00000000E+000, 0.80956689E+003, 0.79710891E+003, 0.71526659E-004, 0.71526659E-004, 0.80657675E+003, 0.58151492E+003,
 0.81600000E+003, 0.29375000E+001, 0.29375000E+001, 0.30750000E+001, 0.00000000E+000, 0.00000000E+000, 0.80928174E+003, 0.79721675E+003, 0.79733718E+003, 0.12146817E+004, 0.00000000E+000, 0.79720371E+003, 0.00000000E+000, 0.80977729E+003, 0.79714186E+003, 0.69573048E-004, 0.69573048E-004, 0.80654791E+003, 0.58143439E+003,
 0.81800000E+003, 0.29375000E+001, 0.29375000E+001, 0.30750000E+001, 0.00000000E+000, 0.00000000E+000, 0.80926687E+003, 0.79725906E+003, 0.79738684E+003, 0.12146934E+004, 0.00000000E+000, 0.79724522E+003, 0.00000000E+000, 0.81001070E+003, 0.79717883E+003, 0.67365084E-004, 0.67365084E-004, 0.80650543E+003, 0.58135347E+003,
 0.82000000E+003, 0.29375000E+001, 0.29375000E+001, 0.31100000E+001, 0.00000000E+000, 0.00000000E+000, 0.80926353E+003, 0.79730730E+003, 0.79744394E+003, 0.12144947E+004, 0.00000000E+000, 0.79729247E+003, 0.00000000E+000, 0.81027253E+003, 0.79722060E+003, 0.64731043E-004, 0.64731043E-004, 0.80644442E+003, 0.58127212E+003,
 0.82200000E+003, 0.29375000E+001, 0.29375000E+001, 0.31100000E+001, 0.00000000E+000, 0.00000000E+000, 0.80928676E+003, 0.79736307E+003, 0.79751067E+003, 0.12145089E+004, 0.00000000E+000, 0.79734702E+003, 0.00000000E+000, 0.81057107E+003, 0.79726836E+003, 0.61417119E-004, 0.61417119E-004, 0.80635586E+003, 0.58119025E+003,
 0.82400000E+003, 0.29375000E+001, 0.29375000E+001, 0.31100000E+001, 0.00000000E+000, 0.00000000E+000, 0.80931037E+003, 0.79742863E+003, 0.79759010E+003, 0.12145244E+004, 0.00000000E+000, 0.79741102E+003, 0.00000000E+000, 0.81091798E+003, 0.79732372E+003, 0.57164923E-004, 0.57164923E-004, 0.80622670E+003, 0.58110772E+003,
